# File generated by CMD 3.4 (http://stev.oapd.inaf.it/cmd) on Sun May 30 04:54:07 CEST 2021
# isochrones based on PARSEC release v1.2S +  COLIBRI S_37 + S_35 + PR16
# Basic references: Bressan et al. (2012), MNRAS, 427, 127 + Chen et al. (2014, 2015), MNRAS, 444, 2525 + MNRAS, 452, 1068 + Tang et al. (2014), MNRAS, 445, 4287 + Marigo et al. (2017), ApJ, 835, 77 + Pastorelli al. (2019), MNRAS, 485, 5666 + Pastorelli al. (2020), MNRAS, in press
# Thermal pulse cycles included 
# On RGB, assumed Reimers mass loss with efficiency eta=0.2
# LPV periods and growth rates added cf. Trabucchi et al. (2019)
# Photometric system: <i>UBVRIJHK</i> (cf. Maiz-Apellaniz 2006 + Bessell 1990)
# Using YBC version of bolometric corrections as in Chen et al. (2019)
# O-rich circumstellar dpmod60alox40 dust from Groenewegen (2006)
# C-rich circumstellar AMCSIC15 dust from Groenewegen (2006)
# IMF: Kroupa (2001, 2002) + Kroupa et al. (2013) canonical two-part-power law IMF corrected for unresolved binaries 
# Kind of output: isochrone tables
# Zini     MH   logAge Mini        int_IMF         Mass   logL    logTe  logg  label   McoreTP C_O  period0  period1  period2  period3  period4  pmode  Mloss  tau1m   X   Y   Xc  Xn  Xo  Cexcess  Z 	 mbolmag  Umag    Bmag    Vmag    Rmag    Imag    Jmag    Hmag    Kmag
0.002 -0.88764 10.00000 0.0900000036 1.0816895962    0.090 -3.256  3.4360  5.344    1  0.000  0.545     0.00     0.00     0.00     0.00     0.00 -1 -4.95e-17      0.00 7.443e-01 2.537e-01 3.596e-04 9.702e-05 8.799e-04 -1.000 2.000e-03 12.909 21.536 18.824 16.814 14.699 12.584 10.823 10.443 10.260
0.002 -0.88764 10.00000 0.0922682509 1.1030691862    0.092 -3.202  3.4436  5.331    1  0.000  0.545     0.00     0.00     0.00     0.00     0.00 -1 -5.62e-17      0.00 7.440e-01 2.540e-01 3.596e-04 9.702e-05 8.799e-04 -1.000 2.000e-03 12.774 21.055 18.442 16.461 14.450 12.406 10.710 10.308 10.123
0.002 -0.88764 10.00000 0.0991803259 1.1642227173    0.099 -3.045  3.4655  5.294    1  0.000  0.545     0.00     0.00     0.00     0.00     0.00 -1 -8.12e-17      0.00 7.434e-01 2.546e-01 3.596e-04 9.702e-05 8.799e-04 -1.000 2.000e-03 12.383 19.645 17.345 15.431 13.717 11.908 10.389 9.928 9.731
0.002 -0.88764 10.00000 0.1013671532 1.1824262142    0.101 -3.011  3.4697  5.286    1  0.000  0.545     0.00     0.00     0.00     0.00     0.00 -1 -8.77e-17      0.00 7.432e-01 2.548e-01 3.596e-04 9.702e-05 8.799e-04 -1.000 2.000e-03 12.298 19.376 17.133 15.232 13.570 11.805 10.317 9.847 9.647
0.002 -0.88764 10.00000 0.1175409779 1.3028897047    0.117 -2.781  3.4977  5.231    1  0.000  0.545     0.00     0.00     0.00     0.00     0.00 -1 -1.47e-16      0.00 7.420e-01 2.560e-01 3.596e-04 9.702e-05 8.799e-04 -1.000 2.000e-03 11.723 17.646 15.771 13.962 12.591 11.136 9.830 9.309 9.097
0.002 -0.88764 10.00000 0.1359016299 1.4159166813    0.136 -2.598  3.5166  5.187    1  0.000  0.545     0.00     0.00     0.00     0.00     0.00 -1 -2.19e-16      0.00 7.407e-01 2.573e-01 3.596e-04 9.702e-05 8.800e-04 -1.000 2.000e-03 11.266 16.507 14.855 13.131 11.899 10.636 9.433 8.890 8.672
0.002 -0.88764 10.00000 0.1542622894 1.5106534958    0.154 -2.460  3.5289  5.152    1  0.000  0.545     0.00     0.00     0.00     0.00     0.00 -1 -2.95e-16      0.00 7.397e-01 2.583e-01 3.596e-04 9.702e-05 8.800e-04 -1.000 2.000e-03 10.919 15.772 14.245 12.585 11.422 10.268 9.122 8.568 8.350
0.002 -0.88764 10.00000 0.1909836084 1.6623624563    0.190 -2.250  3.5439  5.095    1  0.000  0.545     0.00     0.00     0.00     0.00     0.00 -1  -4.6e-16      0.00 7.383e-01 2.597e-01 3.596e-04 9.703e-05 8.800e-04 -1.000 2.000e-03 10.395 14.826 13.431 11.856 10.762 9.724 8.643 8.078 7.860
0.002 -0.88764 10.00000 0.2368852347 1.8058542013    0.236 -2.049  3.5559  5.035    1  0.000  0.545     0.00     0.00     0.00     0.00     0.00 -1 -7.02e-16      0.00 7.376e-01 2.604e-01 3.596e-04 9.703e-05 8.800e-04 -1.000 2.000e-03 9.892 14.016 12.715 11.208 10.163 9.210 8.176 7.603 7.386
0.002 -0.88764 10.00000 0.2827868760 1.9170974493    0.282 -1.890  3.5649  4.989    1  0.000  0.545     0.00     0.00     0.00     0.00     0.00 -1 -7.86e-17      0.00 7.375e-01 2.605e-01 3.596e-04 9.703e-05 8.800e-04 -1.000 2.000e-03 9.495 13.412 12.175 10.714 9.702 8.807 7.806 7.228 7.012
0.002 -0.88764 10.00000 0.3286885023 2.0070381165    0.328 -1.758  3.5722  4.952    1  0.000  0.545     0.00     0.00     0.00     0.00     0.00 -1 -9.32e-16      0.00 7.423e-01 2.557e-01 3.596e-04 9.702e-05 8.799e-04 -1.000 2.000e-03 9.164 12.926 11.735 10.311 9.323 8.472 7.497 6.913 6.699
0.002 -0.88764 10.00000 0.3745901287 2.0819733143    0.374 -1.625  3.5809  4.911    1  0.000  0.545     0.00     0.00     0.00     0.00     0.00 -1 -1.71e-15      0.00 7.457e-01 2.523e-01 3.596e-04 9.702e-05 8.799e-04 -1.000 2.000e-03 8.832 12.422 11.282 9.901 8.943 8.136 7.190 6.601 6.390
0.002 -0.88764 10.00000 0.4204918146 2.1458311081    0.420 -1.475  3.5932  4.860    1  0.000  0.545     0.00     0.00     0.00     0.00     0.00 -1 -2.41e-15      0.00 7.459e-01 2.521e-01 3.596e-04 9.702e-05 8.799e-04 -1.000 2.000e-03 8.457 11.811 10.744 9.424 8.509 7.758 6.850 6.253 6.052
0.002 -0.88764 10.00000 0.4352718294 2.1644897461    0.434 -1.419  3.5991  4.843    1  0.000  0.545     0.00     0.00     0.00     0.00     0.00 -1 -2.75e-15      0.00 7.459e-01 2.521e-01 3.596e-04 9.702e-05 8.799e-04 -1.000 2.000e-03 8.317 11.565 10.529 9.239 8.344 7.616 6.726 6.125 5.930
0.002 -0.88764 10.00000 0.4663934112 2.2012145519    0.466 -1.307  3.6108  4.808    1  0.000  0.545     0.00     0.00     0.00     0.00     0.00 -1 -3.58e-15      0.00 7.459e-01 2.521e-01 3.596e-04 9.702e-05 8.799e-04 -1.000 2.000e-03 8.038 11.076 10.101 8.874 8.021 7.333 6.475 5.865 5.689
0.002 -0.88764 10.00000 0.5122950673 2.2497797012    0.512 -1.121  3.6357  4.763    1  0.000  0.545     0.00     0.00     0.00     0.00     0.00 -1 -5.52e-15      0.00 7.529e-01 2.451e-01 3.504e-04 9.455e-05 8.576e-04 -1.000 1.951e-03 7.574 10.194 9.336 8.240 7.476 6.869 6.074 5.453 5.317
0.002 -0.88764 10.00000 0.5581966639 2.2903301716    0.557 -0.924  3.6659  4.724    1  0.000  0.544     0.00     0.00     0.00     0.00     0.00 -1 -8.71e-15      0.00 7.755e-01 2.227e-01 3.208e-04 8.660e-05 7.858e-04 -1.000 1.793e-03 7.080 9.120 8.474 7.541 6.894 6.377 5.667 5.087 4.986
0.002 -0.88764 10.00000 0.6040982604 2.3238773346    0.604 -0.742  3.6937  4.687    1  0.000  0.544     0.00     0.00     0.00     0.00     0.00 -1 -1.33e-14      0.00 7.808e-01 2.175e-01 3.142e-04 8.485e-05 7.701e-04 -1.000 1.748e-03 6.624 8.127 7.741 6.926 6.381 5.924 5.306 4.803 4.719
0.002 -0.88764 10.00000 0.6256933212 2.3377165794    0.625 -0.655  3.7076  4.671    1  0.000  0.544     0.00     0.00     0.00     0.00     0.00 -1 -1.62e-14      0.00 7.837e-01 2.146e-01 3.107e-04 8.391e-05 7.617e-04 -1.000 1.700e-03 6.407 7.679 7.415 6.649 6.146 5.713 5.141 4.676 4.599
0.002 -0.88764 10.00000 0.6493493319 2.3516681194    0.649 -0.560  3.7225  4.653    1  0.000  0.544     0.00     0.00     0.00     0.00     0.00 -1 -2.02e-14      0.00 7.869e-01 2.114e-01 3.067e-04 8.285e-05 7.522e-04 -1.000 1.700e-03 6.171 7.221 7.076 6.362 5.898 5.491 4.964 4.537 4.468
0.002 -0.88764 10.00000 0.6499999762 2.3520355225    0.650 -0.558  3.7229  4.652    1  0.000  0.544     0.00     0.00     0.00     0.00     0.00 -1 -2.03e-14      0.00 7.870e-01 2.113e-01 3.066e-04 8.283e-05 7.520e-04 -1.000 1.700e-03 6.164 7.209 7.067 6.354 5.892 5.485 4.959 4.533 4.464
0.002 -0.88764 10.00000 0.6640111804 2.3597438335    0.664 -0.503  3.7308  4.638    1  0.000  0.543     0.00     0.00     0.00     0.00     0.00 -1 -2.32e-14      0.00 7.893e-01 2.090e-01 3.037e-04 8.207e-05 7.452e-04 -1.000 1.700e-03 6.026 6.966 6.879 6.195 5.750 5.356 4.853 4.447 4.381
0.002 -0.88764 10.00000 0.6813085079 2.3687589169    0.681 -0.434  3.7403  4.619    1  0.000  0.543     0.00     0.00     0.00     0.00     0.00 -1 -2.74e-14      0.00 7.922e-01 2.061e-01 3.001e-04 8.110e-05 7.365e-04 -1.000 1.700e-03 5.856 6.679 6.654 6.002 5.578 5.199 4.722 4.338 4.276
0.002 -0.88764 10.00000 0.6973306537 2.3766520023    0.697 -0.371  3.7488  4.600    1  0.000  0.543     0.00     0.00     0.00     0.00     0.00 -1  -3.2e-14      0.00 7.951e-01 2.032e-01 2.965e-04 8.015e-05 7.281e-04 -1.000 1.695e-03 5.698 6.428 6.451 5.827 5.422 5.056 4.601 4.233 4.177
0.002 -0.88764 10.00000 0.6976190209 2.3767902851    0.697 -0.370  3.7490  4.599    1  0.000  0.543     0.00     0.00     0.00     0.00     0.00 -1 -3.21e-14      0.00 7.951e-01 2.032e-01 2.965e-04 8.014e-05 7.280e-04 -1.000 1.694e-03 5.695 6.423 6.447 5.824 5.419 5.053 4.599 4.231 4.175
0.002 -0.88764 10.00000 0.7121393681 2.3835854530    0.712 -0.311  3.7565  4.580    1  0.000  0.541     0.00     0.00     0.00     0.00     0.00 -1 -3.72e-14      0.00 7.982e-01 2.002e-01 2.916e-04 7.910e-05 7.189e-04 -1.000 1.610e-03 5.548 6.200 6.262 5.665 5.276 4.923 4.487 4.132 4.081
0.002 -0.88764 10.00000 0.7253805399 2.3895101547    0.725 -0.257  3.7630  4.560    1  0.000  0.539     0.00     0.00     0.00     0.00     0.00 -1 -4.28e-14      0.00 8.011e-01 1.973e-01 2.869e-04 7.810e-05 7.103e-04 -1.000 1.597e-03 5.413 6.002 6.094 5.520 5.145 4.802 4.382 4.039 3.993
0.002 -0.88764 10.00000 0.7379155755 2.3948941231    0.738 -0.205  3.7690  4.539    1  0.000  0.537     0.00     0.00     0.00     0.00     0.00 -1 -3.74e-14      0.00 8.041e-01 1.944e-01 2.824e-04 7.711e-05 7.017e-04 -1.000 1.574e-03 5.282 5.819 5.935 5.383 5.020 4.686 4.280 3.947 3.905
0.002 -0.88764 10.00000 0.7452381253 2.3979430199    0.745 -0.174  3.7723  4.525    1  0.000  0.536     0.00     0.00     0.00     0.00     0.00 -1 -5.31e-14      0.00 8.058e-01 1.926e-01 2.797e-04 7.651e-05 6.964e-04 -1.000 1.563e-03 5.205 5.714 5.842 5.302 4.946 4.618 4.219 3.892 3.852
0.002 -0.88764 10.00000 0.7544487715 2.4016816616    0.754 -0.134  3.7758  4.505    1  0.000  0.535     0.00     0.00     0.00     0.00     0.00 -1 -5.92e-14      0.00 8.091e-01 1.894e-01 2.756e-04 7.542e-05 6.867e-04 -1.000 1.500e-03 5.106 5.587 5.727 5.200 4.852 4.529 4.138 3.816 3.779
0.002 -0.88764 10.00000 0.7636744976 2.4053225517    0.763 -0.094  3.7792  4.484    1  0.000  0.535     0.00     0.00     0.00     0.00     0.00 -1 -6.61e-14      0.00 8.126e-01 1.859e-01 2.713e-04 7.427e-05 6.763e-04 -1.000 1.502e-03 5.005 5.459 5.610 5.097 4.755 4.437 4.054 3.738 3.703
0.002 -0.88764 10.00000 0.7763460279 2.4101614952    0.776 -0.037  3.7836  4.451    1  0.000  0.534     0.00     0.00     0.00     0.00     0.00 -1 -7.77e-14      0.00 8.176e-01 1.808e-01 2.650e-04 7.259e-05 6.613e-04 -1.000 1.531e-03 4.862 5.289 5.448 4.950 4.616 4.306 3.932 3.625 3.592
0.002 -0.88764 10.00000 0.7882716656 2.4145526886    0.787  0.019  3.7875  4.417    1  0.000  0.534     0.00     0.00     0.00     0.00     0.00 -1 -6.47e-14      0.00 8.227e-01 1.758e-01 2.586e-04 7.090e-05 6.461e-04 -1.000 1.471e-03 4.722 5.126 5.289 4.806 4.480 4.176 3.811 3.510 3.479
0.002 -0.88764 10.00000 0.7928571701 2.4162006378    0.792  0.042  3.7889  4.403    1  0.000  0.533     0.00     0.00     0.00     0.00     0.00 -1 -9.73e-14      0.00 8.248e-01 1.738e-01 2.560e-04 7.021e-05 6.400e-04 -1.000 1.433e-03 4.666 5.062 5.227 4.749 4.426 4.125 3.762 3.464 3.434
0.002 -0.88764 10.00000 0.7930966616 2.4162862301    0.792  0.043  3.7890  4.402    1  0.000  0.533     0.00     0.00     0.00     0.00     0.00 -1 -9.76e-14      0.00 8.249e-01 1.737e-01 2.559e-04 7.018e-05 6.397e-04 -1.000 1.431e-03 4.663 5.059 5.224 4.746 4.423 4.122 3.760 3.462 3.432
0.002 -0.88764 10.00000 0.8014934063 2.4192457199    0.801  0.086  3.7915  4.374    1  0.000  0.533     0.00     0.00     0.00     0.00     0.00 -1 -1.11e-13      0.00 8.287e-01 1.699e-01 2.516e-04 6.905e-05 6.296e-04 -1.000 1.414e-03 4.556 4.939 5.105 4.637 4.319 4.022 3.665 3.372 3.344
0.002 -0.88764 10.00000 0.8096901774 2.4220669270    0.809  0.129  3.7938  4.344    1  0.000  0.532     0.00     0.00     0.00     0.00     0.00 -1 -1.26e-13      0.00 8.322e-01 1.663e-01 2.478e-04 6.802e-05 6.204e-04 -1.000 1.410e-03 4.447 4.819 4.986 4.526 4.213 3.919 3.568 3.279 3.252
0.002 -0.88764 10.00000 0.8205275536 2.4256975651    0.819  0.189  3.7965  4.301    1  0.000  0.532     0.00     0.00     0.00     0.00     0.00 -1 -1.51e-13      0.00 8.366e-01 1.620e-01 2.432e-04 6.680e-05 6.097e-04 -1.000 1.359e-03 4.298 4.658 4.824 4.374 4.067 3.778 3.432 3.148 3.122
0.002 -0.88764 10.00000 0.8306816816 2.4290006161    0.829  0.248  3.7983  4.254    1  0.000  0.531     0.00     0.00     0.00     0.00     0.00 -1 -1.81e-13      0.00 8.397e-01 1.590e-01 2.402e-04 6.602e-05 6.028e-04 -1.000 1.377e-03 4.151 4.503 4.667 4.225 3.922 3.636 3.295 3.014 2.989
0.002 -0.88764 10.00000 0.8396354914 2.4318370819    0.838  0.303  3.7994  4.208    1  0.000  0.531     0.00     0.00     0.00     0.00     0.00 -1 -2.16e-13      0.00 8.408e-01 1.578e-01 2.395e-04 6.584e-05 6.013e-04 -1.000 1.398e-03 4.013 4.361 4.522 4.085 3.784 3.501 3.162 2.883 2.859
0.002 -0.88764 10.00000 0.8404761553 2.4320998192    0.839  0.308  3.7995  4.203    1  0.000  0.531     0.00     0.00     0.00     0.00     0.00 -1  -2.2e-13      0.00 8.409e-01 1.577e-01 2.394e-04 6.583e-05 6.013e-04 -1.000 1.400e-03 3.999 4.348 4.508 4.071 3.771 3.488 3.149 2.871 2.847
0.002 -0.88764 10.00000 0.8407771587 2.4321937561    0.839  0.310  3.7995  4.202    1  0.000  0.531     0.00     0.00     0.00     0.00     0.00 -1 -2.21e-13      0.00 8.408e-01 1.578e-01 2.395e-04 6.585e-05 6.015e-04 -1.000 1.400e-03 3.995 4.343 4.503 4.067 3.766 3.483 3.144 2.866 2.842
0.002 -0.88764 10.00000 0.8416348100 2.4324610233    0.840  0.316  3.7996  4.197    1  0.000  0.531     0.00     0.00     0.00     0.00     0.00 -1 -2.25e-13      0.00 8.407e-01 1.579e-01 2.398e-04 6.593e-05 6.022e-04 -1.000 1.402e-03 3.981 4.329 4.489 4.052 3.752 3.469 3.130 2.853 2.828
0.002 -0.88764 10.00000 0.8446832895 2.4334056377    0.843  0.337  3.7996  4.177    1  0.000  0.531     0.00     0.00     0.00     0.00     0.00 -1 -2.41e-13      0.00 8.402e-01 1.584e-01 2.407e-04 6.619e-05 6.046e-04 -1.000 1.407e-03 3.928 4.277 4.435 3.999 3.700 3.417 3.078 2.800 2.776
0.002 -0.88764 10.00000 0.8505167365 2.4351918697    0.849  0.380  3.7988  4.134    1  0.000  0.531     0.00     0.00     0.00     0.00     0.00 -1 -2.78e-13      0.00 8.391e-01 1.594e-01 2.426e-04 6.670e-05 6.093e-04 -1.000 1.406e-03 3.821 4.175 4.329 3.892 3.591 3.307 2.967 2.688 2.663
0.002 -0.88764 10.00000 0.8571346402 2.4371843338    0.855  0.433  3.7966  4.076    1  0.000  0.531     0.00     0.00     0.00     0.00     0.00 -1 -3.34e-13      0.00 8.379e-01 1.607e-01 2.449e-04 6.734e-05 6.151e-04 -1.000 1.423e-03 3.689 4.056 4.204 3.761 3.456 3.169 2.824 2.541 2.515
0.002 -0.88764 10.00000 0.8594620824 2.4378767014    0.858  0.452  3.7954  4.053    1  0.000  0.531     0.00     0.00     0.00     0.00     0.00 -1  -3.6e-13      0.00 8.374e-01 1.612e-01 2.457e-04 6.756e-05 6.172e-04 -1.000 1.431e-03 3.639 4.013 4.159 3.712 3.406 3.117 2.769 2.484 2.458
0.002 -0.88764 10.00000 0.8633317351 2.4390184879    0.861  0.489  3.7914  4.002    2  0.000  0.531     0.00     0.00     0.00     0.00     0.00 -1 -4.14e-13      0.00 8.360e-01 1.625e-01 2.479e-04 6.817e-05 6.227e-04 -1.000 1.441e-03 3.547 3.940 4.081 3.623 3.310 3.015 2.657 2.365 2.337
0.002 -0.88764 10.00000 0.8674080968 2.4402084351    0.865  0.531  3.7841  3.932    2  0.000  0.531     0.00     0.00     0.00     0.00     0.00 -1 -4.91e-13      0.00 8.300e-01 1.685e-01 2.564e-04 7.049e-05 6.438e-04 -1.000 1.478e-03 3.442 3.874 4.005 3.524 3.197 2.891 2.517 2.211 2.179
0.002 -0.88764 10.00000 0.8705323935 2.4411118031    0.868  0.564  3.7742  3.862    2  0.000  0.533     0.00     0.00     0.00     0.00     0.00 -1 -5.75e-13      0.00 8.068e-01 1.916e-01 2.850e-04 7.823e-05 7.135e-04 -1.000 1.595e-03 3.361 3.855 3.968 3.453 3.108 2.786 2.388 2.063 2.026
0.002 -0.88764 10.00000 0.8724337220 2.4416580200    0.870  0.581  3.7646  3.807    2  0.000  0.534     0.00     0.00     0.00     0.00     0.00 -1 -6.38e-13      0.00 7.867e-01 2.116e-01 3.083e-04 8.448e-05 7.693e-04 -1.000 1.731e-03 3.317 3.879 3.969 3.421 3.058 2.721 2.299 1.956 1.913
0.002 -0.88764 10.00000 0.8739977479 2.4421050549    0.872  0.597  3.7541  3.750    2  0.000  0.536     0.00     0.00     0.00     0.00     0.00 -1 -7.06e-13      0.00 7.734e-01 2.248e-01 3.233e-04 8.845e-05 8.047e-04 -1.000 1.818e-03 3.278 3.923 3.983 3.399 3.015 2.661 2.213 1.849 1.800
0.002 -0.88764 10.00000 0.8752255440 2.4424548149    0.873  0.618  3.7449  3.693    2  0.000  0.536     0.00     0.00     0.00     0.00     0.00 -1 -7.89e-13      0.00 7.664e-01 2.317e-01 3.310e-04 9.051e-05 8.230e-04 -1.000 1.853e-03 3.225 3.947 3.978 3.364 2.963 2.594 2.122 1.739 1.685
0.002 -0.88764 10.00000 0.8762894869 2.4427571297    0.874  0.651  3.7379  3.633    2  0.000  0.537     0.00     0.00     0.00     0.00     0.00 -1 -9.09e-13      0.00 7.621e-01 2.361e-01 3.357e-04 9.175e-05 8.340e-04 -1.000 1.893e-03 3.144 3.927 3.934 3.297 2.883 2.502 2.011 1.612 1.554
0.002 -0.88764 10.00000 0.8772741556 2.4430360794    0.875  0.694  3.7328  3.569    2  0.000  0.537     0.00     0.00     0.00     0.00     0.00 -1 -1.08e-12      0.00 7.587e-01 2.394e-01 3.388e-04 9.259e-05 8.415e-04 -1.000 1.899e-03 3.034 3.869 3.854 3.200 2.776 2.387 1.880 1.468 1.409
0.002 -0.88764 10.00000 0.8774147630 2.4430758953    0.875  0.701  3.7321  3.559    2  0.000  0.537     0.00     0.00     0.00     0.00     0.00 -1 -1.11e-12      0.00 7.582e-01 2.399e-01 3.392e-04 9.270e-05 8.425e-04 -1.000 1.900e-03 3.018 3.859 3.842 3.184 2.759 2.369 1.861 1.447 1.387
0.002 -0.88764 10.00000 0.8779317737 2.4432218075    0.876  0.730  3.7300  3.522    3  0.000  0.537     0.00     0.00     0.00     0.00     0.00 -1 -1.24e-12      0.00 7.566e-01 2.415e-01 3.404e-04 9.302e-05 8.453e-04 -1.000 1.900e-03 2.945 3.805 3.780 3.116 2.687 2.294 1.779 1.360 1.299
0.002 -0.88764 10.00000 0.8785902858 2.4434077740    0.876  0.771  3.7278  3.473    3  0.000  0.537     0.00     0.00     0.00     0.00     0.00 -1 -1.44e-12      0.00 7.546e-01 2.435e-01 3.418e-04 9.340e-05 8.487e-04 -1.000 1.932e-03 2.843 3.728 3.692 3.021 2.588 2.191 1.669 1.244 1.182
0.002 -0.88764 10.00000 0.8793182373 2.4436128139    0.877  0.820  3.7255  3.415    3  0.000  0.537     0.00     0.00     0.00     0.00     0.00 -1 -1.72e-12      0.00 7.522e-01 2.458e-01 3.429e-04 9.377e-05 8.518e-04 -1.000 1.934e-03 2.720 3.629 3.582 2.903 2.466 2.066 1.537 1.105 1.043
0.002 -0.88764 10.00000 0.8799947500 2.4438028336    0.877  0.870  3.7236  3.357    3  0.000  0.536     0.00     0.00     0.00     0.00     0.00 -1 -2.06e-12      0.00 7.499e-01 2.482e-01 3.434e-04 9.416e-05 8.542e-04 -1.000 1.963e-03 2.595 3.524 3.469 2.783 2.343 1.939 1.404 0.967 0.905
0.002 -0.88764 10.00000 0.8804994822 2.4439446926    0.878  0.911  3.7222  3.312    3  0.000  0.534     0.00     0.00     0.00     0.00     0.00 -1 -2.39e-12      0.00 7.480e-01 2.501e-01 3.429e-04 9.471e-05 8.558e-04 -1.000 1.964e-03 2.494 3.437 3.375 2.685 2.243 1.837 1.298 0.857 0.794
0.002 -0.88764 10.00000 0.8809846640 2.4440805912    0.878  0.952  3.7209  3.265    3  0.000  0.531     0.00     0.00     0.00     0.00     0.00 -1 -2.77e-12      0.00 7.461e-01 2.519e-01 3.415e-04 9.579e-05 8.572e-04 -1.000 1.959e-03 2.390 3.348 3.280 2.585 2.140 1.732 1.189 0.745 0.681
0.002 -0.88764 10.00000 0.8815401793 2.4442360401    0.879  1.003  3.7192  3.207    3  0.000  0.525     0.00     0.00     0.00     0.00     0.00 -1 -3.33e-12      0.00 7.440e-01 2.541e-01 3.379e-04 9.904e-05 8.585e-04 -1.000 1.907e-03 2.262 3.237 3.161 2.461 2.013 1.602 1.054 0.605 0.541
0.002 -0.88764 10.00000 0.8820411563 2.4443762302    0.879  1.054  3.7176  3.151    3  0.000  0.516     0.00     0.00     0.00     0.00     0.00 -1 -3.99e-12      0.00 7.420e-01 2.560e-01 3.330e-04 1.043e-04 8.596e-04 -1.000 1.998e-03 2.135 3.129 3.045 2.339 1.889 1.475 0.921 0.468 0.403
0.002 -0.88764 10.00000 0.8825244904 2.4445111752    0.880  1.107  3.7158  3.090    3  0.000  0.509     0.00     0.00     0.00     0.00     0.00 -1 -4.84e-12      0.00 7.404e-01 2.576e-01 3.281e-04 1.100e-04 8.604e-04 -1.000 1.998e-03 2.001 3.016 2.923 2.211 1.757 1.340 0.780 0.322 0.257
0.002 -0.88764 10.00000 0.8829347491 2.4446256161    0.880  1.157  3.7141  3.034    3  0.000  0.501     0.00     0.00     0.00     0.00     0.00 -1 -5.78e-12      0.00 7.391e-01 2.589e-01 3.236e-04 1.156e-04 8.610e-04 -1.000 1.998e-03 1.877 2.912 2.811 2.092 1.634 1.215 0.649 0.185 0.120
0.002 -0.88764 10.00000 0.8833214641 2.4447333813    0.880  1.209  3.7123  2.975    3  0.000  0.495     0.00     0.00     0.00     0.00     0.00 -1 -6.97e-12      0.00 7.379e-01 2.601e-01 3.200e-04 1.202e-04 8.615e-04 -1.000 1.999e-03 1.748 2.805 2.694 1.968 1.507 1.084 0.512 0.043 -0.022
0.002 -0.88764 10.00000 0.8836548924 2.4448261261    0.880  1.258  3.7104  2.919    3  0.000  0.491     0.00     0.00     0.00     0.00     0.00 -1 -8.32e-12      0.00 7.371e-01 2.609e-01 3.173e-04 1.236e-04 8.618e-04 -1.000 1.958e-03 1.626 2.706 2.585 1.852 1.387 0.961 0.383 -0.092 -0.158
0.002 -0.88764 10.00000 0.8839673996 2.4449129105    0.881  1.308  3.7085  2.861    3  0.000  0.488     0.00     0.00     0.00     0.00     0.00 -1 -9.98e-12      0.00 7.365e-01 2.616e-01 3.155e-04 1.260e-04 8.621e-04 -1.000 1.901e-03 1.501 2.607 2.474 1.733 1.265 0.835 0.250 -0.231 -0.298
0.002 -0.88764 10.00000 0.8842560649 2.4449932575    0.881  1.358  3.7065  2.802    3  0.000  0.486     0.00     0.00     0.00     0.00     0.00 -1  -1.2e-11      0.00 7.361e-01 2.620e-01 3.142e-04 1.276e-04 8.623e-04 -1.000 1.929e-03 1.374 2.507 2.362 1.613 1.141 0.707 0.115 -0.372 -0.439
0.002 -0.88764 10.00000 0.8845037818 2.4450619221    0.881  1.406  3.7044  2.747    3  0.000  0.485     0.00     0.00     0.00     0.00     0.00 -1 -1.43e-11      0.00 7.359e-01 2.622e-01 3.137e-04 1.283e-04 8.624e-04 -1.000 1.900e-03 1.255 2.416 2.258 1.502 1.025 0.587 -0.012 -0.505 -0.573
0.002 -0.88764 10.00000 0.8847344518 2.4451260567    0.881  1.455  3.7023  2.690    3  0.000  0.484     0.00     0.00     0.00     0.00     0.00 -1  -1.7e-11      0.00 7.358e-01 2.622e-01 3.133e-04 1.288e-04 8.624e-04 -1.000 1.928e-03 1.134 2.322 2.153 1.388 0.906 0.465 -0.141 -0.641 -0.709
0.002 -0.88764 10.00000 0.8849315643 2.4451806545    0.881  1.500  3.7003  2.637    3  0.000  0.484     0.00     0.00     0.00     0.00     0.00 -1 -2.01e-11      0.00 7.358e-01 2.623e-01 3.132e-04 1.290e-04 8.624e-04 -1.000 1.928e-03 1.021 2.237 2.056 1.282 0.797 0.352 -0.262 -0.768 -0.837
0.002 -0.88764 10.00000 0.8851222396 2.4452335835    0.881  1.547  3.6981  2.581    3  0.000  0.484     0.00     0.00     0.00     0.00     0.00 -1 -2.39e-11      0.00 7.358e-01 2.623e-01 3.132e-04 1.290e-04 8.624e-04 -1.000 1.927e-03 0.903 2.149 1.955 1.173 0.682 0.233 -0.388 -0.902 -0.971
0.002 -0.88764 10.00000 0.8852907419 2.4452803135    0.881  1.592  3.6960  2.527    3  0.000  0.484     0.00     0.00     0.00     0.00     0.00 -1 -2.82e-11      0.00 7.357e-01 2.623e-01 3.131e-04 1.291e-04 8.624e-04 -1.000 1.927e-03 0.789 2.066 1.859 1.068 0.573 0.120 -0.509 -1.030 -1.100
0.002 -0.88764 10.00000 0.8854478002 2.4453237057    0.881  1.638  3.6937  2.472    3  0.000  0.484     0.00     0.00     0.00     0.00     0.00 -1 -3.34e-11      0.00 7.357e-01 2.623e-01 3.131e-04 1.291e-04 8.624e-04 -1.000 1.927e-03 0.675 1.986 1.763 0.962 0.462 0.005 -0.632 -1.160 -1.231
0.002 -0.88764 10.00000 0.8855869174 2.4453623295    0.881  1.682  3.6915  2.419    3  0.000  0.484     0.00     0.00     0.00     0.00     0.00 -1 -3.93e-11      0.00 7.357e-01 2.623e-01 3.131e-04 1.292e-04 8.625e-04 -1.000 1.927e-03 0.565 1.913 1.672 0.860 0.355 -0.106 -0.751 -1.285 -1.356
0.002 -0.88764 10.00000 0.8857151270 2.4453978539    0.881  1.726  3.6892  2.366    3  0.000  0.484     0.00     0.00     0.00     0.00     0.00 -1 -4.62e-11      0.00 7.357e-01 2.624e-01 3.130e-04 1.292e-04 8.625e-04 -1.000 1.927e-03 0.456 1.845 1.584 0.761 0.250 -0.216 -0.868 -1.410 -1.481
0.002 -0.88764 10.00000 0.8858376741 2.4454317093    0.881  1.770  3.6869  2.312    3  0.000  0.484     0.00     0.00     0.00     0.00     0.00 -1 -5.44e-11      0.00 7.357e-01 2.624e-01 3.130e-04 1.293e-04 8.625e-04 -1.000 1.927e-03 0.345 1.777 1.495 0.660 0.143 -0.327 -0.988 -1.537 -1.609
0.002 -0.88764 10.00000 0.8859520555 2.4454631805    0.881  1.812  3.6845  2.260    3  0.000  0.484     0.00     0.00     0.00     0.00     0.00 -1 -6.37e-11      0.00 7.357e-01 2.624e-01 3.130e-04 1.293e-04 8.625e-04 -1.000 1.926e-03 0.239 1.714 1.411 0.565 0.042 -0.433 -1.102 -1.659 -1.732
0.002 -0.88764 10.00000 0.8860816956 2.4454991817    0.880  1.854  3.6823  2.210    3  0.000  0.484     0.00     0.00     0.00     0.00     0.00 -1 -7.46e-11      0.00 7.357e-01 2.624e-01 3.130e-04 1.293e-04 8.625e-04 -1.000 1.926e-03 0.134 1.650 1.327 0.469 -0.059 -0.538 -1.216 -1.780 -1.853
0.002 -0.88764 10.00000 0.8861585259 2.4455204010    0.880  1.868  3.6817  2.193    3  0.000  0.484     0.00     0.00     0.00     0.00     0.00 -1 -7.89e-11      0.00 7.357e-01 2.624e-01 3.129e-04 1.294e-04 8.625e-04 -1.000 1.926e-03 0.100 1.628 1.299 0.438 -0.092 -0.572 -1.252 -1.818 -1.892
0.002 -0.88764 10.00000 0.8862091899 2.4455344677    0.880  1.855  3.6826  2.210    3  0.000  0.484     0.00     0.00     0.00     0.00     0.00 -1 -7.56e-11      0.00 7.357e-01 2.624e-01 3.129e-04 1.294e-04 8.625e-04 -1.000 1.926e-03 0.131 1.643 1.322 0.465 -0.062 -0.541 -1.217 -1.780 -1.854
0.002 -0.88764 10.00000 0.8862808347 2.4455542564    0.880  1.832  3.6843  2.240    3  0.000  0.484     0.00     0.00     0.00     0.00     0.00 -1 -6.93e-11      0.00 7.357e-01 2.624e-01 3.129e-04 1.294e-04 8.625e-04 -1.000 1.926e-03 0.190 1.672 1.365 0.517 -0.007 -0.482 -1.152 -1.710 -1.783
0.002 -0.88764 10.00000 0.8862901330 2.4455566406    0.880  1.828  3.6845  2.244    3  0.000  0.484     0.00     0.00     0.00     0.00     0.00 -1 -6.84e-11      0.00 7.357e-01 2.624e-01 3.129e-04 1.294e-04 8.625e-04 -1.000 1.926e-03 0.200 1.677 1.372 0.525 0.002 -0.473 -1.142 -1.699 -1.772
0.002 -0.88764 10.00000 0.8863695860 2.4455785751    0.880  1.868  3.6823  2.196    3  0.000  0.484     0.00     0.00     0.00     0.00     0.00 -1 -7.84e-11      0.00 7.357e-01 2.624e-01 3.129e-04 1.294e-04 8.625e-04 -1.000 1.926e-03 0.100 1.618 1.293 0.435 -0.093 -0.572 -1.250 -1.814 -1.887
0.002 -0.88764 10.00000 0.8864568472 2.4456028938    0.880  1.912  3.6797  2.141    3  0.000  0.484     0.00     0.00     0.00     0.00     0.00 -1 -9.22e-11      0.00 7.357e-01 2.624e-01 3.129e-04 1.295e-04 8.625e-04 -1.000 1.926e-03 -0.011 1.555 1.207 0.336 -0.199 -0.683 -1.370 -1.943 -2.017
0.002 -0.88764 10.00000 0.8865344524 2.4456241131    0.879  1.954  3.6773  2.089    3  0.000  0.484     0.00     0.00     0.00     0.00     0.00 -1 -1.08e-10      0.00 7.357e-01 2.624e-01 3.129e-04 1.295e-04 8.625e-04 -1.000 1.926e-03 -0.116 1.498 1.128 0.244 -0.298 -0.787 -1.483 -2.064 -2.138
0.002 -0.88764 10.00000 0.8866088390 2.4456448555    0.879  1.997  3.6747  2.036    3  0.000  0.484     0.00     0.00     0.00     0.00     0.00 -1 -1.26e-10      0.00 7.357e-01 2.624e-01 3.128e-04 1.295e-04 8.625e-04 -1.000 1.926e-03 -0.222 1.442 1.047 0.150 -0.399 -0.894 -1.598 -2.187 -2.263
0.002 -0.88764 10.00000 0.8866764903 2.4456634521    0.879  2.038  3.6722  1.984    3  0.000  0.484     0.00     0.00     0.00     0.00     0.00 -1 -1.48e-10      0.00 7.357e-01 2.624e-01 3.128e-04 1.295e-04 8.625e-04 -1.000 1.925e-03 -0.326 1.403 0.977 0.055 -0.501 -0.999 -1.711 -2.306 -2.381
0.002 -0.88764 10.00000 0.8867405057 2.4456810951    0.879  2.080  3.6695  1.931    3  0.000  0.484     0.00     0.00     0.00     0.00     0.00 -1 -1.73e-10      0.00 7.357e-01 2.624e-01 3.128e-04 1.295e-04 8.626e-04 -1.000 1.925e-03 -0.431 1.375 0.910 -0.041 -0.605 -1.106 -1.827 -2.426 -2.502
0.002 -0.88764 10.00000 0.8867977858 2.4456968307    0.878  2.121  3.6669  1.880    3  0.000  0.484     0.00     0.00     0.00     0.00     0.00 -1 -2.01e-10      0.00 7.356e-01 2.624e-01 3.128e-04 1.296e-04 8.626e-04 -1.000 1.925e-03 -0.533 1.349 0.846 -0.132 -0.704 -1.209 -1.938 -2.543 -2.619
0.002 -0.88764 10.00000 0.8868522644 2.4457118511    0.878  2.163  3.6642  1.827    3  0.000  0.484     0.00     0.00     0.00     0.00     0.00 -1 -2.36e-10      0.00 7.356e-01 2.624e-01 3.128e-04 1.296e-04 8.626e-04 -1.000 1.925e-03 -0.637 1.324 0.781 -0.223 -0.804 -1.314 -2.053 -2.663 -2.740
0.002 -0.88764 10.00000 0.8869005442 2.4457252026    0.877  2.203  3.6617  1.777    3  0.000  0.483     0.00     0.00     0.00     0.00     0.00 -1 -2.74e-10      0.00 7.356e-01 2.624e-01 3.128e-04 1.296e-04 8.626e-04 -1.000 1.925e-03 -0.736 1.303 0.721 -0.310 -0.899 -1.413 -2.161 -2.777 -2.856
0.002 -0.88764 10.00000 0.8869461417 2.4457378387    0.877  2.243  3.6590  1.726    3  0.000  0.483     0.00     0.00     0.00     0.00     0.00 -1 -3.19e-10      0.00 7.356e-01 2.624e-01 3.128e-04 1.296e-04 8.626e-04 -1.000 1.925e-03 -0.837 1.284 0.662 -0.397 -0.995 -1.513 -2.271 -2.894 -2.973
0.002 -0.88764 10.00000 0.8869879842 2.4457492828    0.876  2.283  3.6563  1.675    3  0.000  0.483     0.00     0.00     0.00     0.00     0.00 -1 -3.71e-10      0.00 7.356e-01 2.624e-01 3.128e-04 1.296e-04 8.626e-04 -1.000 1.925e-03 -0.937 1.245 0.593 -0.477 -1.083 -1.609 -2.378 -3.011 -3.092
0.002 -0.88764 10.00000 0.8870265484 2.4457600117    0.876  2.322  3.6536  1.624    3  0.000  0.483     0.00     0.00     0.00     0.00     0.00 -1  -4.3e-10      0.00 7.356e-01 2.624e-01 3.127e-04 1.296e-04 8.626e-04 -1.000 1.925e-03 -1.035 1.232 0.537 -0.560 -1.175 -1.705 -2.486 -3.125 -3.208
0.002 -0.88764 10.00000 0.8870620728 2.4457697868    0.875  2.361  3.6509  1.574    3  0.000  0.483     0.00     0.00     0.00     0.00     0.00 -1 -4.99e-10      0.00 7.356e-01 2.624e-01 3.127e-04 1.296e-04 8.626e-04 -1.000 1.925e-03 -1.133 1.221 0.483 -0.642 -1.266 -1.801 -2.592 -3.239 -3.323
0.002 -0.88764 10.00000 0.8870949149 2.4457788467    0.874  2.400  3.6481  1.524    3  0.000  0.483     0.00     0.00     0.00     0.00     0.00 -1 -5.78e-10      0.00 7.356e-01 2.624e-01 3.127e-04 1.297e-04 8.626e-04 -1.000 1.925e-03 -1.231 1.218 0.432 -0.722 -1.354 -1.895 -2.698 -3.351 -3.438
0.002 -0.88764 10.00000 0.8871263266 2.4457874298    0.874  2.441  3.6453  1.472    3  0.000  0.483     0.00     0.00     0.00     0.00     0.00 -1 -6.74e-10      0.00 7.356e-01 2.624e-01 3.127e-04 1.297e-04 8.626e-04 -1.000 1.925e-03 -1.331 1.212 0.378 -0.802 -1.444 -1.991 -2.806 -3.467 -3.556
0.002 -0.88764 10.00000 0.8871537447 2.4457950592    0.873  2.478  3.6426  1.423    3  0.000  0.483     0.00     0.00     0.00     0.00     0.00 -1 -7.76e-10      0.00 7.356e-01 2.625e-01 3.127e-04 1.297e-04 8.626e-04 -1.000 1.925e-03 -1.425 1.207 0.328 -0.874 -1.526 -2.080 -2.907 -3.577 -3.668
0.002 -0.88764 10.00000 0.8871799111 2.4458022118    0.872  2.516  3.6397  1.373    3  0.000  0.483     0.00     0.00     0.00     0.00     0.00 -1 -8.99e-10      0.00 7.356e-01 2.625e-01 3.127e-04 1.297e-04 8.626e-04 -1.000 1.925e-03 -1.521 1.205 0.278 -0.947 -1.610 -2.172 -3.012 -3.690 -3.784
0.002 -0.88764 10.00000 0.8872037530 2.4458088875    0.871  2.554  3.6370  1.325    3  0.000  0.483     0.00     0.00     0.00     0.00     0.00 -1 -1.04e-09      0.00 7.356e-01 2.625e-01 3.127e-04 1.297e-04 8.626e-04 -1.000 1.925e-03 -1.614 1.204 0.230 -1.017 -1.690 -2.260 -3.112 -3.799 -3.895
0.002 -0.88764 10.00000 0.8872258663 2.4458150864    0.870  2.590  3.6343  1.277    3  0.000  0.483     0.00     0.00     0.00     0.00     0.00 -1 -1.19e-09      0.00 7.356e-01 2.625e-01 3.127e-04 1.297e-04 8.626e-04 -1.000 1.925e-03 -1.705 1.205 0.184 -1.084 -1.769 -2.346 -3.210 -3.907 -4.005
0.002 -0.88764 10.00000 0.8872469068 2.4458208084    0.869  2.627  3.6315  1.228    3  0.000  0.483     0.00     0.00     0.00     0.00     0.00 -1 -1.37e-09      0.00 7.356e-01 2.625e-01 3.127e-04 1.297e-04 8.626e-04 -1.000 1.925e-03 -1.798 1.208 0.139 -1.152 -1.847 -2.433 -3.310 -4.016 -4.116
0.002 -0.88764 10.00000 0.8872703910 2.4458272457    0.868  2.672  3.6281  1.169    3  0.000  0.483     0.00     0.00     0.00     0.00     0.00 -1 -1.63e-09      0.00 7.356e-01 2.625e-01 3.127e-04 1.297e-04 8.626e-04 -1.000 1.925e-03 -1.909 1.215 0.086 -1.232 -1.941 -2.536 -3.428 -4.146 -4.250
0.002 -0.88764 10.00000 0.8872883320 2.4458322525    0.867  2.708  3.6255  1.122    3  0.000  0.483     0.00     0.00     0.00     0.00     0.00 -1 -1.87e-09      0.00 7.356e-01 2.625e-01 3.127e-04 1.297e-04 8.626e-04 -1.000 1.925e-03 -1.999 1.223 0.044 -1.296 -2.017 -2.620 -3.525 -4.251 -4.358
0.002 -0.88764 10.00000 0.8873047829 2.4458367825    0.865  2.743  3.6227  1.075    3  0.000  0.483     0.00     0.00     0.00     0.00     0.00 -1 -2.14e-09      0.00 7.356e-01 2.625e-01 3.127e-04 1.297e-04 8.626e-04 -1.000 1.925e-03 -2.087 1.236 0.005 -1.357 -2.089 -2.701 -3.619 -4.355 -4.464
0.002 -0.88764 10.00000 0.8873237371 2.4458420277    0.864  2.786  3.6192  1.017    3  0.000  0.483     0.00     0.00     0.00     0.00     0.00 -1 -2.54e-09      0.00 7.356e-01 2.625e-01 3.127e-04 1.297e-04 8.626e-04 -1.000 1.925e-03 -2.196 1.254 -0.040 -1.431 -2.178 -2.801 -3.735 -4.483 -4.595
0.002 -0.88764 10.00000 0.8873410225 2.4458467960    0.862  2.829  3.6160  0.961    3  0.000  0.483     0.00     0.00     0.00     0.00     0.00 -1 -2.98e-09      0.00 7.356e-01 2.625e-01 3.127e-04 1.297e-04 8.626e-04 -1.000 1.925e-03 -2.301 1.281 -0.080 -1.500 -2.263 -2.898 -3.848 -4.607 -4.723
0.002 -0.88764 10.00000 0.8873543143 2.4458503723    0.860  2.863  3.6132  0.914    3  0.000  0.483     0.00     0.00     0.00     0.00     0.00 -1 -3.41e-09      0.00 7.356e-01 2.625e-01 3.127e-04 1.297e-04 8.626e-04 -1.000 1.925e-03 -2.388 1.308 -0.110 -1.555 -2.333 -2.977 -3.940 -4.709 -4.828
0.002 -0.88764 10.00000 0.8873692155 2.4458544254    0.858  2.904  3.6100  0.859    3  0.000  0.483     0.00     0.00     0.00     0.00     0.00 -1    -4e-09      0.00 7.356e-01 2.625e-01 3.127e-04 1.297e-04 8.626e-04 -1.000 1.925e-03 -2.491 1.340 -0.145 -1.621 -2.415 -3.071 -4.050 -4.829 -4.953
0.002 -0.88764 10.00000 0.8873829842 2.4458582401    0.856  2.945  3.6067  0.804    3  0.000  0.483     0.00     0.00     0.00     0.00     0.00 -1 -4.69e-09      0.00 7.356e-01 2.625e-01 3.127e-04 1.297e-04 8.626e-04 -1.000 1.925e-03 -2.592 1.378 -0.174 -1.681 -2.493 -3.162 -4.158 -4.948 -5.076
0.002 -0.88764 10.00000 0.8873959780 2.4458618164    0.853  2.986  3.6035  0.749    3  0.000  0.483     0.00     0.00     0.00     0.00     0.00 -1  -5.5e-09      0.00 7.356e-01 2.625e-01 3.127e-04 1.297e-04 8.626e-04 -1.000 1.925e-03 -2.694 1.416 -0.204 -1.742 -2.572 -3.254 -4.266 -5.067 -5.199
0.002 -0.88764 10.00000 0.8874078393 2.4458651543    0.850  3.025  3.6004  0.696    3  0.000  0.483     0.00     0.00     0.00     0.00     0.00 -1 -6.41e-09      0.00 7.356e-01 2.625e-01 3.127e-04 1.298e-04 8.626e-04 -1.000 1.925e-03 -2.794 1.453 -0.234 -1.802 -2.648 -3.343 -4.371 -5.183 -5.319
0.002 -0.88764 10.00000 0.8874186277 2.4458680153    0.847  3.063  3.5973  0.644    3  0.000  0.483     0.00     0.00     0.00     0.00     0.00 -1 -7.44e-09      0.00 7.356e-01 2.625e-01 3.127e-04 1.298e-04 8.626e-04 -1.000 1.925e-03 -2.888 1.492 -0.257 -1.854 -2.718 -3.427 -4.471 -5.294 -5.434
0.002 -0.88764 10.00000 0.8874288201 2.4458708763    0.844  3.101  3.5941  0.591    3  0.000  0.483     0.00     0.00     0.00     0.00     0.00 -1 -8.65e-09      0.00 7.356e-01 2.625e-01 3.127e-04 1.298e-04 8.626e-04 -1.000 1.925e-03 -2.983 1.534 -0.278 -1.906 -2.788 -3.511 -4.572 -5.405 -5.550
0.002 -0.88764 10.00000 0.8874382377 2.4458734989    0.841  3.138  3.5911  0.541    3  0.000  0.483     0.00     0.00     0.00     0.00     0.00 -1    -1e-08      0.00 7.356e-01 2.625e-01 3.127e-04 1.298e-04 8.626e-04 -1.000 1.925e-03 -3.076 1.573 -0.300 -1.957 -2.857 -3.594 -4.670 -5.513 -5.663
0.002 -0.88764 10.00000 0.8874468803 2.4458758831    0.837  3.174  3.5881  0.491    3  0.000  0.483     0.00     0.00     0.00     0.00     0.00 -1 -1.15e-08      0.00 7.356e-01 2.625e-01 3.127e-04 1.298e-04 8.626e-04 -1.000 1.925e-03 -3.166 1.613 -0.318 -2.004 -2.921 -3.673 -4.765 -5.618 -5.772
0.002 -0.88764 10.00000 0.8874549270 2.4458780289    0.833  3.210  3.5852  0.442    3  0.000  0.483     0.00     0.00     0.00     0.00     0.00 -1 -1.33e-08      0.00 7.356e-01 2.625e-01 3.127e-04 1.298e-04 8.626e-04 -1.000 1.925e-03 -3.254 1.660 -0.325 -2.043 -2.981 -3.749 -4.858 -5.721 -5.879
0.002 -0.88764 10.00000 0.8874623775 2.4458801746    0.829  3.244  3.5822  0.394    3  0.000  0.483     0.00     0.00     0.00     0.00     0.00 -1 -1.52e-08      0.00 7.356e-01 2.625e-01 3.127e-04 1.298e-04 8.626e-04 -1.000 1.925e-03 -3.339 1.709 -0.330 -2.079 -3.038 -3.824 -4.949 -5.821 -5.984
0.002 -0.88764 10.00000 0.8874692917 2.4458820820    0.824  3.276  3.5794  0.347    3  0.000  0.483     0.00     0.00     0.00     0.00     0.00 -1 -1.73e-08      0.00 7.356e-01 2.625e-01 3.127e-04 1.298e-04 8.626e-04 -1.000 1.925e-03 -3.421 1.755 -0.334 -2.113 -3.091 -3.894 -5.036 -5.917 -6.085
0.002 -0.88764 10.00000 0.8874757886 2.4458837509    0.820  3.308  3.5766  0.302    3  0.000  0.483     0.00     0.00     0.00     0.00     0.00 -1 -1.97e-08      0.00 7.356e-01 2.625e-01 3.126e-04 1.298e-04 8.626e-04 -1.000 1.925e-03 -3.500 1.795 -0.335 -2.141 -3.139 -3.962 -5.120 -6.010 -6.182
0.002 -0.88764 10.00000 0.8874821067 2.4458856583    0.815  3.338  3.5739  0.258    3  0.000  0.483     0.00     0.00     0.00     0.00     0.00 -1 -2.24e-08      0.00 7.356e-01 2.625e-01 3.126e-04 1.298e-04 8.626e-04 -1.000 1.925e-03 -3.576 1.833 -0.335 -2.168 -3.185 -4.028 -5.201 -6.099 -6.276
0.002 -0.88764 10.00000 0.8874840736 2.4458861351    0.813  3.347  3.5731  0.245    3  0.000  0.483     0.00     0.00     0.00     0.00     0.00 -1 -2.33e-08      0.00 7.356e-01 2.625e-01 3.126e-04 1.298e-04 8.626e-04 -1.000 1.925e-03 -3.598 1.845 -0.334 -2.175 -3.198 -4.047 -5.225 -6.125 -6.303
0.002 -0.88764 10.00000 0.8874840736 2.4458861351    0.813  1.746  3.7226  2.444    4  0.000  0.507     0.00     0.00     0.00     0.00     0.00 -1    -1e-30      0.00 7.370e-01 2.611e-01 3.286e-04 1.124e-04 8.642e-04 -1.000 1.927e-03 0.404 1.356 1.276 0.592 0.156 -0.249 -0.795 -1.242 -1.301
0.002 -0.88764 10.00000 0.8875501156 2.4459042549    0.813  1.761  3.7215  2.425    4  0.000  0.507     0.00     0.00     0.00     0.00     0.00 -1    -1e-30      0.00 7.370e-01 2.611e-01 3.286e-04 1.124e-04 8.642e-04 -1.000 1.927e-03 0.367 1.333 1.246 0.557 0.119 -0.288 -0.837 -1.286 -1.346
0.002 -0.88764 10.00000 0.8876152635 2.4459223747    0.813  1.765  3.7213  2.421    4  0.000  0.507     0.00     0.00     0.00     0.00     0.00 -1    -1e-30      0.00 7.370e-01 2.611e-01 3.286e-04 1.124e-04 8.642e-04 -1.000 1.928e-03 0.358 1.327 1.239 0.549 0.110 -0.297 -0.847 -1.296 -1.356
0.002 -0.88764 10.00000 0.8876812458 2.4459404945    0.813  1.767  3.7213  2.419    4  0.000  0.507     0.00     0.00     0.00     0.00     0.00 -1    -1e-30      0.00 7.370e-01 2.611e-01 3.286e-04 1.124e-04 8.642e-04 -1.000 1.928e-03 0.353 1.322 1.234 0.544 0.106 -0.302 -0.851 -1.300 -1.360
0.002 -0.88764 10.00000 0.8877490759 2.4459590912    0.813  1.767  3.7216  2.420    4  0.000  0.507     0.00     0.00     0.00     0.00     0.00 -1    -1e-30      0.00 7.370e-01 2.611e-01 3.286e-04 1.124e-04 8.642e-04 -1.000 1.928e-03 0.352 1.317 1.230 0.542 0.104 -0.303 -0.852 -1.300 -1.360
0.002 -0.88764 10.00000 0.8878170848 2.4459779263    0.813  1.767  3.7221  2.422    4  0.000  0.507     0.00     0.00     0.00     0.00     0.00 -1    -1e-30      0.00 7.370e-01 2.611e-01 3.286e-04 1.124e-04 8.643e-04 -1.000 1.928e-03 0.353 1.312 1.228 0.541 0.104 -0.302 -0.849 -1.296 -1.356
0.002 -0.88764 10.00000 0.8878856301 2.4459967613    0.814  1.766  3.7227  2.425    4  0.000  0.507     0.00     0.00     0.00     0.00     0.00 -1    -1e-30      0.00 7.369e-01 2.611e-01 3.286e-04 1.125e-04 8.643e-04 -1.000 1.928e-03 0.355 1.308 1.226 0.542 0.106 -0.299 -0.844 -1.290 -1.349
0.002 -0.88764 10.00000 0.8879538774 2.4460153580    0.814  1.765  3.7233  2.429    4  0.000  0.507     0.00     0.00     0.00     0.00     0.00 -1    -1e-30      0.00 7.369e-01 2.611e-01 3.286e-04 1.125e-04 8.643e-04 -1.000 1.928e-03 0.358 1.304 1.225 0.543 0.109 -0.295 -0.839 -1.283 -1.342
0.002 -0.88764 10.00000 0.8880208731 2.4460339546    0.814  1.764  3.7239  2.432    4  0.000  0.507     0.00     0.00     0.00     0.00     0.00 -1    -1e-30      0.00 7.369e-01 2.611e-01 3.286e-04 1.125e-04 8.643e-04 -1.000 1.929e-03 0.361 1.300 1.224 0.545 0.112 -0.291 -0.833 -1.276 -1.335
0.002 -0.88764 10.00000 0.8880869746 2.4460520744    0.814  1.763  3.7245  2.436    4  0.000  0.507     0.00     0.00     0.00     0.00     0.00 -1    -1e-30      0.00 7.369e-01 2.611e-01 3.286e-04 1.125e-04 8.643e-04 -1.000 1.929e-03 0.364 1.297 1.222 0.546 0.114 -0.288 -0.828 -1.269 -1.328
0.002 -0.88764 10.00000 0.8881572485 2.4460713863    0.814  1.762  3.7251  2.439    4  0.000  0.507     0.00     0.00     0.00     0.00     0.00 -1    -1e-30      0.00 7.369e-01 2.612e-01 3.286e-04 1.125e-04 8.643e-04 -1.000 1.929e-03 0.366 1.292 1.221 0.547 0.116 -0.285 -0.823 -1.263 -1.321
0.002 -0.88764 10.00000 0.8882283568 2.4460909367    0.814  1.761  3.7256  2.443    4  0.000  0.507     0.00     0.00     0.00     0.00     0.00 -1    -1e-30      0.00 7.369e-01 2.612e-01 3.286e-04 1.125e-04 8.643e-04 -1.000 1.929e-03 0.368 1.288 1.219 0.548 0.118 -0.282 -0.819 -1.257 -1.315
0.002 -0.88764 10.00000 0.8882976770 2.4461100101    0.814  1.760  3.7262  2.445    4  0.000  0.507     0.00     0.00     0.00     0.00     0.00 -1    -1e-30      0.00 7.369e-01 2.612e-01 3.286e-04 1.125e-04 8.643e-04 -1.000 1.929e-03 0.370 1.284 1.217 0.548 0.120 -0.279 -0.815 -1.252 -1.310
0.002 -0.88764 10.00000 0.8883655667 2.4461286068    0.814  1.759  3.7266  2.448    4  0.000  0.507     0.00     0.00     0.00     0.00     0.00 -1    -1e-30      0.00 7.369e-01 2.612e-01 3.286e-04 1.125e-04 8.644e-04 -1.000 1.929e-03 0.372 1.281 1.216 0.548 0.121 -0.277 -0.811 -1.247 -1.305
0.002 -0.88764 10.00000 0.8884317875 2.4461469650    0.814  1.759  3.7270  2.450    4  0.000  0.507     0.00     0.00     0.00     0.00     0.00 -1    -1e-30      0.00 7.369e-01 2.612e-01 3.286e-04 1.125e-04 8.644e-04 -1.000 1.929e-03 0.373 1.277 1.214 0.548 0.122 -0.276 -0.809 -1.244 -1.302
0.002 -0.88764 10.00000 0.8884391189 2.4461488724    0.814  1.759  3.7271  2.450    4  0.000  0.507     0.00     0.00     0.00     0.00     0.00 -1    -1e-30      0.00 7.369e-01 2.612e-01 3.286e-04 1.126e-04 8.644e-04 -1.000 1.929e-03 0.373 1.277 1.214 0.548 0.122 -0.276 -0.809 -1.243 -1.301
0.002 -0.88764 10.00000 0.8884527683 2.4461526871    0.814  1.759  3.7271  2.450    4  0.000  0.507     0.00     0.00     0.00     0.00     0.00 -1    -1e-30      0.00 7.369e-01 2.612e-01 3.286e-04 1.126e-04 8.644e-04 -1.000 1.930e-03 0.373 1.276 1.213 0.548 0.122 -0.276 -0.808 -1.243 -1.301
0.002 -0.88764 10.00000 0.8885199428 2.4461710453    0.814  1.759  3.7274  2.452    4  0.000  0.507     0.00     0.00     0.00     0.00     0.00 -1    -1e-30      0.00 7.369e-01 2.612e-01 3.286e-04 1.126e-04 8.644e-04 -1.000 1.930e-03 0.373 1.273 1.211 0.547 0.122 -0.275 -0.807 -1.241 -1.298
0.002 -0.88764 10.00000 0.8885850906 2.4461889267    0.814  1.759  3.7277  2.452    4  0.000  0.507     0.00     0.00     0.00     0.00     0.00 -1    -1e-30      0.00 7.369e-01 2.612e-01 3.285e-04 1.126e-04 8.644e-04 -1.000 1.930e-03 0.373 1.270 1.209 0.546 0.121 -0.275 -0.806 -1.239 -1.297
0.002 -0.88764 10.00000 0.8886528611 2.4462075233    0.814  1.759  3.7279  2.453    4  0.000  0.507     0.00     0.00     0.00     0.00     0.00 -1    -1e-30      0.00 7.369e-01 2.612e-01 3.285e-04 1.126e-04 8.644e-04 -1.000 1.930e-03 0.372 1.267 1.207 0.545 0.120 -0.276 -0.807 -1.239 -1.297
0.002 -0.88764 10.00000 0.8887214661 2.4462263584    0.814  1.760  3.7280  2.453    4  0.000  0.507     0.00     0.00     0.00     0.00     0.00 -1    -1e-30      0.00 7.369e-01 2.612e-01 3.285e-04 1.126e-04 8.644e-04 -1.000 1.930e-03 0.370 1.264 1.205 0.543 0.118 -0.277 -0.808 -1.240 -1.297
0.002 -0.88764 10.00000 0.8887865543 2.4462442398    0.815  1.761  3.7280  2.452    4  0.000  0.507     0.00     0.00     0.00     0.00     0.00 -1    -1e-30      0.00 7.369e-01 2.612e-01 3.285e-04 1.126e-04 8.644e-04 -1.000 1.930e-03 0.368 1.262 1.202 0.541 0.116 -0.280 -0.810 -1.242 -1.300
0.002 -0.88764 10.00000 0.8888570070 2.4462635517    0.815  1.762  3.7279  2.450    4  0.000  0.507     0.00     0.00     0.00     0.00     0.00 -1    -1e-30      0.00 7.369e-01 2.612e-01 3.285e-04 1.126e-04 8.644e-04 -1.000 1.930e-03 0.364 1.259 1.199 0.537 0.113 -0.283 -0.814 -1.246 -1.304
0.002 -0.88764 10.00000 0.8889256120 2.4462823868    0.815  1.764  3.7277  2.448    4  0.000  0.507     0.00     0.00     0.00     0.00     0.00 -1    -1e-30      0.00 7.368e-01 2.612e-01 3.285e-04 1.126e-04 8.644e-04 -1.000 1.931e-03 0.360 1.257 1.196 0.533 0.108 -0.288 -0.819 -1.252 -1.309
0.002 -0.88764 10.00000 0.8889392614 2.4462862015    0.815  1.764  3.7277  2.447    4  0.000  0.507     0.00     0.00     0.00     0.00     0.00 -1    -1e-30      0.00 7.368e-01 2.612e-01 3.285e-04 1.126e-04 8.645e-04 -1.000 1.931e-03 0.359 1.257 1.196 0.532 0.107 -0.289 -0.820 -1.253 -1.311
0.002 -0.88764 10.00000 0.8890013695 2.4463033676    0.815  1.767  3.7275  2.444    4  0.000  0.507     0.00     0.00     0.00     0.00     0.00 -1    -1e-30      0.00 7.368e-01 2.612e-01 3.285e-04 1.127e-04 8.645e-04 -1.000 1.931e-03 0.354 1.254 1.192 0.528 0.102 -0.295 -0.826 -1.260 -1.318
0.002 -0.88764 10.00000 0.8890657425 2.4463210106    0.815  1.769  3.7271  2.440    4  0.000  0.507     0.00     0.00     0.00     0.00     0.00 -1    -1e-30      0.00 7.368e-01 2.612e-01 3.285e-04 1.127e-04 8.645e-04 -1.000 1.931e-03 0.347 1.252 1.188 0.522 0.096 -0.301 -0.834 -1.268 -1.326
0.002 -0.88764 10.00000 0.8891330361 2.4463393688    0.815  1.772  3.7267  2.436    4  0.000  0.507     0.00     0.00     0.00     0.00     0.00 -1    -1e-30      0.00 7.368e-01 2.612e-01 3.285e-04 1.127e-04 8.645e-04 -1.000 1.931e-03 0.340 1.249 1.183 0.516 0.089 -0.309 -0.843 -1.279 -1.337
0.002 -0.88764 10.00000 0.8891975880 2.4463570118    0.815  1.776  3.7262  2.430    4  0.000  0.507     0.00     0.00     0.00     0.00     0.00 -1    -1e-30      0.00 7.368e-01 2.612e-01 3.285e-04 1.127e-04 8.645e-04 -1.000 1.931e-03 0.331 1.247 1.178 0.508 0.080 -0.319 -0.854 -1.291 -1.349
0.002 -0.88764 10.00000 0.8892596960 2.4463741779    0.815  1.780  3.7256  2.424    4  0.000  0.507     0.00     0.00     0.00     0.00     0.00 -1    -1e-30      0.00 7.368e-01 2.613e-01 3.285e-04 1.127e-04 8.645e-04 -1.000 1.931e-03 0.321 1.244 1.172 0.500 0.070 -0.330 -0.867 -1.305 -1.363
0.002 -0.88764 10.00000 0.8893218637 2.4463911057    0.815  1.784  3.7250  2.417    4  0.000  0.507     0.00     0.00     0.00     0.00     0.00 -1    -1e-30      0.00 7.368e-01 2.613e-01 3.285e-04 1.127e-04 8.645e-04 -1.000 1.931e-03 0.310 1.240 1.166 0.491 0.060 -0.341 -0.880 -1.320 -1.378
0.002 -0.88764 10.00000 0.8893851042 2.4464085102    0.815  1.788  3.7244  2.411    4  0.000  0.507     0.00     0.00     0.00     0.00     0.00 -1    -1e-30      0.00 7.368e-01 2.613e-01 3.285e-04 1.127e-04 8.645e-04 -1.000 1.931e-03 0.300 1.237 1.159 0.482 0.050 -0.352 -0.893 -1.334 -1.392
0.002 -0.88764 10.00000 0.8894473910 2.4464256763    0.815  1.791  3.7240  2.406    4  0.000  0.507     0.00     0.00     0.00     0.00     0.00 -1    -1e-30      0.00 7.368e-01 2.613e-01 3.285e-04 1.127e-04 8.645e-04 -1.000 1.932e-03 0.292 1.234 1.154 0.475 0.042 -0.360 -0.902 -1.344 -1.403
0.002 -0.88764 10.00000 0.8895152807 2.4464442730    0.815  1.799  3.7229  2.394    4  0.000  0.507     0.00     0.00     0.00     0.00     0.00 -1    -1e-30      0.00 7.368e-01 2.613e-01 3.285e-04 1.127e-04 8.646e-04 -1.000 1.932e-03 0.273 1.228 1.143 0.459 0.024 -0.381 -0.926 -1.370 -1.430
0.002 -0.88764 10.00000 0.8895791173 2.4464616776    0.815  1.808  3.7216  2.380    4  0.000  0.507     0.00     0.00     0.00     0.00     0.00 -1    -1e-30      0.00 7.368e-01 2.613e-01 3.285e-04 1.128e-04 8.646e-04 -1.000 1.932e-03 0.250 1.220 1.129 0.439 0.001 -0.405 -0.954 -1.402 -1.462
0.002 -0.88764 10.00000 0.8896437287 2.4464793205    0.815  1.826  3.7191  2.352    4  0.000  0.507     0.00     0.00     0.00     0.00     0.00 -1    -1e-30      0.00 7.368e-01 2.613e-01 3.285e-04 1.128e-04 8.646e-04 -1.000 1.932e-03 0.204 1.205 1.101 0.400 -0.043 -0.454 -1.010 -1.464 -1.525
0.002 -0.88764 10.00000 0.8897067308 2.4464967251    0.816  1.858  3.7151  2.304    4  0.000  0.507     0.00     0.00     0.00     0.00     0.00 -1    -1e-30      0.00 7.368e-01 2.613e-01 3.285e-04 1.128e-04 8.646e-04 -1.000 1.932e-03 0.126 1.180 1.052 0.334 -0.118 -0.536 -1.105 -1.570 -1.631
0.002 -0.88764 10.00000 0.8897442222 2.4465069771    0.816  1.891  3.7110  2.254    4  0.000  0.507     0.00     0.00     0.00     0.00     0.00 -1    -1e-30      0.00 7.368e-01 2.613e-01 3.285e-04 1.128e-04 8.646e-04 -1.000 1.932e-03 0.042 1.151 1.000 0.262 -0.199 -0.624 -1.205 -1.681 -1.744
0.002 -0.88764 10.00000 0.8897622824 2.4465117455    0.816  1.924  3.7072  2.206    4  0.000  0.507     0.00     0.00     0.00     0.00     0.00 -1    -1e-30      0.00 7.368e-01 2.613e-01 3.285e-04 1.128e-04 8.646e-04 -1.000 1.932e-03 -0.040 1.124 0.949 0.194 -0.276 -0.709 -1.302 -1.789 -1.853
0.002 -0.88764 10.00000 0.8897719383 2.4465146065    0.816  1.960  3.7031  2.154    4  0.000  0.507     0.00     0.00     0.00     0.00     0.00 -1    -1e-30      0.00 7.368e-01 2.613e-01 3.285e-04 1.128e-04 8.646e-04 -1.000 1.932e-03 -0.129 1.094 0.892 0.118 -0.361 -0.801 -1.407 -1.905 -1.971
0.002 -0.88764 10.00000 0.8897764683 2.4465157986    0.816  1.993  3.6994  2.106    4  0.000  0.507     0.00     0.00     0.00     0.00     0.00 -1    -1e-30      0.00 7.368e-01 2.613e-01 3.285e-04 1.128e-04 8.646e-04 -1.000 1.932e-03 -0.212 1.065 0.839 0.048 -0.440 -0.887 -1.504 -2.013 -2.079
0.002 -0.88764 10.00000 0.8897789717 2.4465165138    0.816  2.025  3.6960  2.061    4  0.000  0.507     0.00     0.00     0.00     0.00     0.00 -1    -1e-30      0.00 7.368e-01 2.613e-01 3.285e-04 1.128e-04 8.646e-04 -1.000 1.932e-03 -0.291 1.038 0.789 -0.019 -0.514 -0.968 -1.596 -2.114 -2.182
0.002 -0.88764 10.00000 0.8897804022 2.4465167522    0.816  2.053  3.6931  2.021    4  0.000  0.507     0.00     0.00     0.00     0.00     0.00 -1    -1e-30      0.00 7.368e-01 2.613e-01 3.285e-04 1.128e-04 8.646e-04 -1.000 1.932e-03 -0.362 1.014 0.744 -0.078 -0.581 -1.040 -1.678 -2.204 -2.273
0.002 -0.88764 10.00000 0.8897810578 2.4465169907    0.816  2.070  3.6914  1.998    4  0.000  0.507     0.00     0.00     0.00     0.00     0.00 -1    -1e-30      0.00 7.368e-01 2.613e-01 3.285e-04 1.128e-04 8.646e-04 -1.000 1.932e-03 -0.404 0.999 0.717 -0.113 -0.620 -1.082 -1.726 -2.257 -2.326
0.002 -0.88764 10.00000 0.8897811174 2.4465169907    0.816  2.070  3.6914  1.997    7  0.000  0.507     0.00     0.00     0.00     0.00     0.00 -1 -9.12e-10      0.00 7.368e-01 2.597e-01 3.285e-04 1.128e-04 8.646e-04 -1.000 3.568e-03 -0.405 0.999 0.716 -0.114 -0.621 -1.083 -1.727 -2.259 -2.328
0.002 -0.88764 10.00000 0.8897812963 2.4465169907    0.816  2.076  3.6908  1.988    7  0.000  0.507     0.00     0.00     0.00     0.00     0.00 -1 -9.45e-10      0.00 7.368e-01 2.597e-01 3.285e-04 1.128e-04 8.646e-04 -1.000 3.568e-03 -0.421 0.994 0.706 -0.127 -0.636 -1.099 -1.745 -2.279 -2.348
0.002 -0.88764 10.00000 0.8897826672 2.4465174675    0.816  2.123  3.6864  1.924    7  0.000  0.507     0.00     0.00     0.00     0.00     0.00 -1 -1.23e-09      0.00 7.368e-01 2.597e-01 3.285e-04 1.128e-04 8.646e-04 -1.000 3.568e-03 -0.537 0.960 0.632 -0.224 -0.744 -1.216 -1.878 -2.426 -2.496
0.002 -0.88764 10.00000 0.8897838593 2.4465177059    0.815  2.162  3.6828  1.871    7  0.000  0.507     0.00     0.00     0.00     0.00     0.00 -1 -1.53e-09      0.00 7.368e-01 2.597e-01 3.285e-04 1.128e-04 8.646e-04 -1.000 3.568e-03 -0.634 0.951 0.578 -0.309 -0.839 -1.316 -1.989 -2.547 -2.617
0.002 -0.88764 10.00000 0.8897868395 2.4465186596    0.815  2.184  3.6808  1.840    7  0.000  0.507     0.00     0.00     0.00     0.00     0.00 -1 -1.74e-09      0.00 7.368e-01 2.597e-01 3.285e-04 1.128e-04 8.646e-04 -1.000 3.568e-03 -0.690 0.943 0.546 -0.359 -0.894 -1.373 -2.054 -2.617 -2.687
0.002 -0.88764 10.00000 0.8897908330 2.4465196133    0.815  2.148  3.6841  1.889    7  0.000  0.507     0.00     0.00     0.00     0.00     0.00 -1 -1.43e-09      0.00 7.368e-01 2.597e-01 3.285e-04 1.128e-04 8.646e-04 -1.000 3.568e-03 -0.601 0.953 0.596 -0.281 -0.807 -1.281 -1.951 -2.505 -2.575
0.002 -0.88764 10.00000 0.8898321986 2.4465310574    0.813  2.160  3.6829  1.872    7  0.000  0.507     0.00     0.00     0.00     0.00     0.00 -1 -1.54e-09      0.00 7.368e-01 2.597e-01 3.285e-04 1.128e-04 8.646e-04 -1.000 3.567e-03 -0.630 0.952 0.581 -0.306 -0.835 -1.312 -1.985 -2.542 -2.612
0.002 -0.88764 10.00000 0.8898598552 2.4465384483    0.811  2.203  3.6789  1.811    7  0.000  0.507     0.00     0.00     0.00     0.00     0.00 -1 -1.97e-09      0.00 7.368e-01 2.597e-01 3.285e-04 1.128e-04 8.646e-04 -1.000 3.567e-03 -0.738 0.943 0.523 -0.399 -0.939 -1.422 -2.109 -2.676 -2.747
0.002 -0.88764 10.00000 0.8898769617 2.4465432167    0.810  2.241  3.6753  1.759    7  0.000  0.507     0.00     0.00     0.00     0.00     0.00 -1 -2.44e-09      0.00 7.368e-01 2.597e-01 3.285e-04 1.128e-04 8.646e-04 -1.000 3.567e-03 -0.832 0.939 0.473 -0.478 -1.030 -1.518 -2.217 -2.792 -2.864
0.002 -0.88764 10.00000 0.8898929954 2.4465477467    0.808  2.278  3.6719  1.708    7  0.000  0.507     0.00     0.00     0.00     0.00     0.00 -1 -2.99e-09      0.00 7.368e-01 2.597e-01 3.285e-04 1.128e-04 8.646e-04 -1.000 3.567e-03 -0.924 0.935 0.427 -0.555 -1.117 -1.611 -2.321 -2.904 -2.977
0.002 -0.88764 10.00000 0.8899110556 2.4465525150    0.806  2.316  3.6685  1.654    7  0.000  0.507     0.00     0.00     0.00     0.00     0.00 -1 -3.79e-09      0.00 7.368e-01 2.597e-01 3.285e-04 1.128e-04 8.646e-04 -1.000 3.567e-03 -1.021 0.933 0.378 -0.636 -1.209 -1.708 -2.431 -3.022 -3.096
0.002 -0.88764 10.00000 0.8899277449 2.4465570450    0.803  2.356  3.6650  1.599    7  0.000  0.507     0.00     0.00     0.00     0.00     0.00 -1 -4.73e-09      0.00 7.368e-01 2.597e-01 3.285e-04 1.128e-04 8.646e-04 -1.000 3.567e-03 -1.119 0.936 0.330 -0.717 -1.300 -1.806 -2.541 -3.141 -3.217
0.002 -0.88764 10.00000 0.8899429440 2.4465613365    0.800  2.395  3.6615  1.544    7  0.000  0.507     0.00     0.00     0.00     0.00     0.00 -1 -5.89e-09      0.00 7.368e-01 2.597e-01 3.284e-04 1.128e-04 8.646e-04 -1.000 3.567e-03 -1.218 0.941 0.284 -0.797 -1.391 -1.903 -2.652 -3.260 -3.337
0.002 -0.88764 10.00000 0.8899565935 2.4465651512    0.797  2.434  3.6580  1.489    7  0.000  0.506     0.00     0.00     0.00     0.00     0.00 -1 -7.43e-09      0.00 7.368e-01 2.597e-01 3.284e-04 1.129e-04 8.646e-04 -1.000 3.515e-03 -1.316 0.950 0.240 -0.875 -1.481 -1.998 -2.761 -3.378 -3.458
0.002 -0.88764 10.00000 0.8899690509 2.4465684891    0.793  2.474  3.6545  1.433    7  0.000  0.506     0.00     0.00     0.00     0.00     0.00 -1 -9.31e-09      0.00 7.368e-01 2.597e-01 3.284e-04 1.129e-04 8.646e-04 -1.000 3.500e-03 -1.415 0.955 0.193 -0.949 -1.567 -2.093 -2.870 -3.498 -3.580
0.002 -0.88764 10.00000 0.8899802566 2.4465715885    0.789  2.513  3.6510  1.378    7  0.000  0.506     0.00     0.00     0.00     0.00     0.00 -1 -1.16e-08      0.00 7.368e-01 2.598e-01 3.281e-04 1.130e-04 8.646e-04 -1.000 3.494e-03 -1.512 0.962 0.147 -1.022 -1.652 -2.186 -2.979 -3.617 -3.702
0.002 -0.88764 10.00000 0.8899903297 2.4465742111    0.784  2.551  3.6470  1.321    7  0.000  0.505     0.00     0.00     0.00     0.00     0.00 -1 -1.44e-08      0.00 7.368e-01 2.598e-01 3.274e-04 1.134e-04 8.646e-04 -1.000 3.471e-03 -1.608 0.985 0.111 -1.088 -1.731 -2.276 -3.086 -3.737 -3.825
0.002 -0.88764 10.00000 0.8899950981 2.4465756416    0.781  2.571  3.6445  1.290    7  0.000  0.504     0.00     0.00     0.00     0.00     0.00 -1 -1.61e-08      0.00 7.368e-01 2.598e-01 3.267e-04 1.139e-04 8.646e-04 -1.000 3.465e-03 -1.657 1.012 0.100 -1.117 -1.769 -2.320 -3.141 -3.800 -3.890
0.002 -0.88764 10.00000 0.8900038600 2.4465780258    0.775  2.609  3.6404  1.232    7  0.000  0.500     0.00     0.00     0.00     0.00     0.00 -1 -2.03e-08      0.00 7.367e-01 2.598e-01 3.242e-04 1.161e-04 8.646e-04 -1.000 3.405e-03 -1.752 1.044 0.068 -1.179 -1.846 -2.408 -3.247 -3.920 -4.013
0.002 -0.88764 10.00000 0.8900122046 2.4465801716    0.768  2.648  3.6324  1.157    7  0.000  0.495     0.00     0.00     0.00     0.00     0.00 -1 -2.58e-08      0.00 7.367e-01 2.599e-01 3.209e-04 1.200e-04 8.646e-04 -1.000 3.400e-03 -1.849 1.179 0.091 -1.209 -1.904 -2.488 -3.362 -4.063 -4.163
0.002 -0.88764 10.00000 0.8900202513 2.4465825558    0.759  2.687  3.6290  1.100    7  0.000  0.489     0.00     0.00     0.00     0.00     0.00 -1 -3.25e-08      0.00 7.367e-01 2.599e-01 3.172e-04 1.245e-04 8.647e-04 -1.000 3.392e-03 -1.947 1.200 0.051 -1.275 -1.985 -2.578 -3.467 -4.179 -4.283
0.002 -0.88764 10.00000 0.8900281191 2.4465847015    0.748  2.726  3.6255  1.040    7  0.000  0.483     0.00     0.00     0.00     0.00     0.00 -1 -4.14e-08      0.00 7.367e-01 2.600e-01 3.136e-04 1.289e-04 8.647e-04 -1.000 3.357e-03 -2.045 1.231 0.017 -1.339 -2.063 -2.668 -3.573 -4.298 -4.404
0.002 -0.88764 10.00000 0.8900354505 2.4465866089    0.735  2.764  3.6218  0.979    7  0.000  0.479     0.00     0.00     0.00     0.00     0.00 -1 -5.27e-08      0.00 7.366e-01 2.600e-01 3.105e-04 1.327e-04 8.648e-04 -1.000 3.320e-03 -2.140 1.274 -0.010 -1.397 -2.138 -2.754 -3.677 -4.414 -4.524
0.002 -0.88764 10.00000 0.8900425434 2.4465885162    0.719  2.803  3.6181  0.916    7  0.000  0.475     0.00     0.00     0.00     0.00     0.00 -1 -6.86e-08      0.00 7.365e-01 2.601e-01 3.079e-04 1.359e-04 8.649e-04 -1.000 3.385e-03 -2.237 1.331 -0.031 -1.453 -2.212 -2.841 -3.783 -4.532 -4.647
0.002 -0.88764 10.00000 0.8900492787 2.4465904236    0.699  2.843  3.6143  0.849    7  0.000  0.471     0.00     0.00     0.00     0.00     0.00 -1 -9.14e-08      0.00 7.365e-01 2.602e-01 3.054e-04 1.392e-04 8.649e-04 -1.000 3.367e-03 -2.337 1.389 -0.052 -1.510 -2.288 -2.931 -3.891 -4.652 -4.771
0.002 -0.88764 10.00000 0.8900548816 2.4465918541    0.678  2.880  3.6111  0.785    7  0.000  0.468     0.00     0.00     0.00     0.00     0.00 -1 -1.19e-07      0.00 7.364e-01 2.602e-01 3.033e-04 1.416e-04 8.649e-04 -1.000 3.306e-03 -2.431 1.439 -0.075 -1.565 -2.361 -3.016 -3.992 -4.764 -4.887
0.002 -0.88764 10.00000 0.8900588155 2.4465930462    0.657  2.915  3.6083  0.726    7  0.000  0.465     0.00     0.00     0.00     0.00     0.00 -1 -1.55e-07      0.00 7.364e-01 2.603e-01 3.019e-04 1.435e-04 8.649e-04 -1.000 3.341e-03 -2.517 1.483 -0.096 -1.616 -2.427 -3.094 -4.084 -4.866 -4.992
0.002 -0.88764 10.00000 0.8900620937 2.4465939999    0.636  2.947  3.6059  0.670    7  0.000  0.463     0.00     0.00     0.00     0.00     0.00 -1    -2e-07      0.00 7.364e-01 2.603e-01 3.006e-04 1.451e-04 8.648e-04 -1.000 3.348e-03 -2.598 1.521 -0.118 -1.665 -2.491 -3.167 -4.171 -4.960 -5.089
0.002 -0.88764 10.00000 0.8900652528 2.4465947151    0.608  2.985  3.6040  0.605    7  0.000  0.461     0.00     0.00     0.00     0.00     0.00 -1 -2.76e-07      0.00 7.363e-01 2.604e-01 2.992e-04 1.468e-04 8.648e-04 -1.000 3.300e-03 -2.691 1.541 -0.156 -1.730 -2.570 -3.255 -4.269 -5.063 -5.196
0.002 -0.88764 10.00000 0.8900678754 2.4465954304    0.577  3.019  3.6052  0.553    7  0.000  0.460     0.00     0.00     0.00     0.00     0.00 -1 -3.78e-07      0.00 7.363e-01 2.604e-01 2.981e-04 1.481e-04 8.647e-04 -1.000 3.300e-03 -2.777 1.473 -0.241 -1.823 -2.662 -3.345 -4.356 -5.143 -5.276
0.002 -0.88764 10.00000 0.8900698423 2.4465961456    0.545  3.045  3.6170  0.549    7  0.000  0.459     0.00     0.00     0.00     0.00     0.00 -1 -5.02e-07      0.00 7.362e-01 2.605e-01 2.974e-04 1.490e-04 8.647e-04 -1.000 3.300e-03 -2.843 1.087 -0.491 -2.015 -2.807 -3.451 -4.407 -5.148 -5.268
0.002 -0.88764 10.00000 0.8900706768 2.4465961456    0.516  3.056  3.6303  0.568    7  0.000  0.458     0.00     0.00     0.00     0.00     0.00 -1 -5.66e-07      0.00 7.362e-01 2.605e-01 2.970e-04 1.495e-04 8.646e-04 -1.000 3.300e-03 -2.870 0.686 -0.721 -2.171 -2.913 -3.519 -4.413 -5.103 -5.210
0.002 -0.88764 10.00000 1.0983432531 2.4914011955    0.544 -4.166  3.6647  7.950    9  0.544  0.000     0.00     0.00     0.00     0.00     0.00 -1    -1e-30      0.00 7.237e-01 2.743e-01 2.772e-04 2.002e-04 8.812e-04 -1.000 1.960e-03 15.186 17.314 16.621 15.654 14.981 14.452 13.765 13.228 13.115
#isochrone terminated
