# File generated by CMD 3.4 (http://stev.oapd.inaf.it/cmd) on Tue May 25 08:09:17 CEST 2021
# isochrones based on PARSEC release v1.2S +  COLIBRI S_37 + S_35 + PR16
# Basic references: Bressan et al. (2012), MNRAS, 427, 127 + Chen et al. (2014, 2015), MNRAS, 444, 2525 + MNRAS, 452, 1068 + Tang et al. (2014), MNRAS, 445, 4287 + Marigo et al. (2017), ApJ, 835, 77 + Pastorelli al. (2019), MNRAS, 485, 5666 + Pastorelli al. (2020), MNRAS, in press
# Thermal pulse cycles included 
# On RGB, assumed Reimers mass loss with efficiency eta=0.2
# LPV periods and growth rates added cf. Trabucchi et al. (2019)
# Photometric system: <i>UBVRIJHK</i> (cf. Maiz-Apellaniz 2006 + Bessell 1990)
# Using YBC version of bolometric corrections as in Chen et al. (2019)
# O-rich circumstellar dpmod60alox40 dust from Groenewegen (2006)
# C-rich circumstellar AMCSIC15 dust from Groenewegen (2006)
# IMF: Kroupa (2001, 2002) + Kroupa et al. (2013) canonical two-part-power law IMF corrected for unresolved binaries 
# Kind of output: isochrone tables
# Zini     MH   logAge Mini        int_IMF         Mass   logL    logTe  logg  label   McoreTP C_O  period0  period1  period2  period3  period4  pmode  Mloss  tau1m   X   Y   Xc  Xn  Xo  Cexcess  Z 	 mbolmag  Umag    Bmag    Vmag    Rmag    Imag    Jmag    Hmag    Kmag
0.0009 -1.23621 10.00000 0.0900000036 1.0816895962    0.090 -3.208  3.4594  5.390    1  0.000  0.545     0.00     0.00     0.00     0.00     0.00 -1 -5.24e-17      0.00 7.473e-01 2.518e-01 1.661e-04 4.482e-05 4.066e-04 -1.000 9.241e-04 12.791 20.729 17.956 15.950 14.072 12.230 10.768 10.409 10.278
0.0009 -1.23621 10.00000 0.0984057039 1.1576490402    0.098 -2.988  3.4908  5.334    1  0.000  0.545     0.00     0.00     0.00     0.00     0.00 -1 -8.87e-17      0.00 7.462e-01 2.529e-01 1.661e-04 4.482e-05 4.066e-04 -1.000 9.240e-04 12.240 18.758 16.513 14.580 13.100 11.614 10.322 9.857 9.703
0.0009 -1.23621 10.00000 0.1000000015 1.1711064577    0.100 -2.948  3.4965  5.324    1  0.000  0.545     0.00     0.00     0.00     0.00     0.00 -1 -9.75e-17      0.00 7.460e-01 2.531e-01 1.661e-04 4.482e-05 4.066e-04 -1.000 9.240e-04 12.141 18.424 16.270 14.359 12.933 11.506 10.242 9.762 9.604
0.0009 -1.23621 10.00000 0.1199999973 1.3193154335    0.120 -2.664  3.5290  5.249    1  0.000  0.545     0.00     0.00     0.00     0.00     0.00 -1 -1.87e-16      0.00 7.441e-01 2.550e-01 1.661e-04 4.482e-05 4.066e-04 -1.000 9.239e-04 11.431 16.470 14.799 13.063 11.876 10.761 9.637 9.098 8.914
0.0009 -1.23621 10.00000 0.1400000006 1.4384527206    0.140 -2.483  3.5451  5.200    1  0.000  0.545     0.00     0.00     0.00     0.00     0.00 -1 -2.78e-16      0.00 7.426e-01 2.564e-01 1.661e-04 4.482e-05 4.066e-04 -1.000 9.241e-04 10.978 15.505 14.024 12.397 11.288 10.295 9.233 8.678 8.486
0.0009 -1.23621 10.00000 0.1599999964 1.5372931957    0.160 -2.344  3.5555  5.160    1  0.000  0.545     0.00     0.00     0.00     0.00     0.00 -1 -3.74e-16      0.00 7.415e-01 2.576e-01 1.661e-04 4.482e-05 4.066e-04 -1.000 9.240e-04 10.631 14.854 13.484 11.928 10.864 9.941 8.917 8.354 8.157
0.0009 -1.23621 10.00000 0.2000000179 1.6938792467    0.200 -2.125  3.5695  5.094    1  0.000  0.545     0.00     0.00     0.00     0.00     0.00 -1 -5.98e-16      0.00 7.402e-01 2.589e-01 1.661e-04 4.482e-05 4.066e-04 -1.000 9.240e-04 10.082 13.923 12.694 11.232 10.225 9.388 8.412 7.840 7.638
0.0009 -1.23621 10.00000 0.2500000298 1.8403259516    0.250 -1.920  3.5808  5.031    1  0.000  0.545     0.00     0.00     0.00     0.00     0.00 -1 -6.87e-16      0.00 7.398e-01 2.593e-01 1.661e-04 4.482e-05 4.066e-04 -1.000 9.241e-04 9.570 13.138 12.006 10.616 9.654 8.871 7.932 7.356 7.151
0.0009 -1.23621 10.00000 0.3000000417 1.9529141188    0.300 -1.762  3.5892  4.986    1  0.000  0.545     0.00     0.00     0.00     0.00     0.00 -1 -1.27e-15      0.00 7.399e-01 2.591e-01 1.661e-04 4.483e-05 4.066e-04 -1.000 9.240e-04 9.175 12.545 11.486 10.149 9.222 8.475 7.562 6.982 6.779
0.0009 -1.23621 10.00000 0.3500000238 2.0434176922    0.350 -1.634  3.5964  4.954    1  0.000  0.545     0.00     0.00     0.00     0.00     0.00 -1 -1.65e-15      0.00 7.470e-01 2.521e-01 1.661e-04 4.482e-05 4.066e-04 -1.000 9.240e-04 8.855 12.072 11.067 9.772 8.874 8.152 7.261 6.680 6.481
0.0009 -1.23621 10.00000 0.4000000358 2.1185026169    0.400 -1.486  3.6074  4.908    1  0.000  0.545     0.00     0.00     0.00     0.00     0.00 -1 -2.28e-15      0.00 7.491e-01 2.500e-01 1.661e-04 4.482e-05 4.066e-04 -1.000 9.240e-04 8.485 11.479 10.550 9.320 8.464 7.778 6.920 6.335 6.147
0.0009 -1.23621 10.00000 0.4500000179 2.1822810173    0.450 -1.311  3.6247  4.853    1  0.000  0.545     0.00     0.00     0.00     0.00     0.00 -1 -3.43e-15      0.00 7.491e-01 2.499e-01 1.661e-04 4.482e-05 4.066e-04 -1.000 9.241e-04 8.048 10.719 9.895 8.761 7.973 7.338 6.527 5.936 5.773
0.0009 -1.23621 10.00000 0.5000000000 2.2374541759    0.500 -1.112  3.6523  4.810    1  0.000  0.545     0.00     0.00     0.00     0.00     0.00 -1 -5.42e-15      0.00 7.491e-01 2.499e-01 1.661e-04 4.482e-05 4.066e-04 -1.000 9.240e-04 7.549 9.721 9.070 8.081 7.397 6.841 6.101 5.524 5.398
0.0009 -1.23621 10.00000 0.5500000715 2.2836585045    0.550 -0.897  3.6821  4.755    1  0.000  0.544     0.00     0.00     0.00     0.00     0.00 -1 -8.99e-15      0.00 7.780e-01 2.212e-01 1.483e-04 4.004e-05 3.632e-04 -1.000 8.389e-04 7.013 8.624 8.220 7.370 6.796 6.312 5.660 5.140 5.040
0.0009 -1.23621 10.00000 0.6000000238 2.3211214542    0.600 -0.698  3.7094  4.704    1  0.000  0.544     0.00     0.00     0.00     0.00     0.00 -1 -1.45e-14      0.00 7.860e-01 2.132e-01 1.437e-04 3.879e-05 3.521e-04 -1.000 7.857e-04 6.515 7.668 7.502 6.753 6.262 5.828 5.263 4.814 4.731
0.0009 -1.23621 10.00000 0.6038064957 2.3236825466    0.603 -0.682  3.7118  4.700    1  0.000  0.544     0.00     0.00     0.00     0.00     0.00 -1  -1.5e-14      0.00 7.867e-01 2.125e-01 1.433e-04 3.869e-05 3.512e-04 -1.000 8.014e-04 6.476 7.595 7.448 6.706 6.221 5.791 5.234 4.790 4.708
0.0009 -1.23621 10.00000 0.6182734370 2.3330869675    0.618 -0.623  3.7207  4.687    1  0.000  0.544     0.00     0.00     0.00     0.00     0.00 -1 -1.72e-14      0.00 7.893e-01 2.099e-01 1.418e-04 3.829e-05 3.476e-04 -1.000 7.981e-04 6.328 7.322 7.241 6.531 6.068 5.652 5.122 4.699 4.621
0.0009 -1.23621 10.00000 0.6351661682 2.3434469700    0.635 -0.554  3.7310  4.671    1  0.000  0.544     0.00     0.00     0.00     0.00     0.00 -1 -2.03e-14      0.00 7.924e-01 2.068e-01 1.399e-04 3.781e-05 3.432e-04 -1.000 8.184e-04 6.156 7.018 7.005 6.333 5.893 5.494 4.992 4.591 4.520
0.0009 -1.23621 10.00000 0.6499999762 2.3520355225    0.650 -0.494  3.7399  4.656    1  0.000  0.543     0.00     0.00     0.00     0.00     0.00 -1 -2.34e-14      0.00 7.953e-01 2.039e-01 1.383e-04 3.736e-05 3.392e-04 -1.000 8.160e-04 6.004 6.767 6.806 6.163 5.741 5.354 4.876 4.494 4.427
0.0009 -1.23621 10.00000 0.6560436487 2.3554067612    0.656 -0.469  3.7432  4.648    1  0.000  0.543     0.00     0.00     0.00     0.00     0.00 -1 -2.49e-14      0.00 7.967e-01 2.025e-01 1.374e-04 3.714e-05 3.373e-04 -1.000 8.011e-04 5.943 6.671 6.727 6.096 5.680 5.299 4.829 4.453 4.388
0.0009 -1.23621 10.00000 0.6716670394 2.3637998104    0.671 -0.405  3.7515  4.628    1  0.000  0.543     0.00     0.00     0.00     0.00     0.00 -1 -2.92e-14      0.00 8.006e-01 1.986e-01 1.352e-04 3.655e-05 3.320e-04 -1.000 7.503e-04 5.782 6.425 6.523 5.921 5.524 5.157 4.707 4.345 4.286
0.0009 -1.23621 10.00000 0.6862100959 2.3712186813    0.686 -0.345  3.7590  4.607    1  0.000  0.543     0.00     0.00     0.00     0.00     0.00 -1  -3.4e-14      0.00 8.045e-01 1.947e-01 1.330e-04 3.596e-05 3.267e-04 -1.000 7.392e-04 5.632 6.201 6.334 5.761 5.380 5.025 4.593 4.243 4.190
0.0009 -1.23621 10.00000 0.6999999881 2.3779268265    0.700 -0.287  3.7659  4.586    1  0.000  0.542     0.00     0.00     0.00     0.00     0.00 -1 -3.94e-14      0.00 8.084e-01 1.908e-01 1.308e-04 3.537e-05 3.214e-04 -1.000 7.392e-04 5.488 6.000 6.158 5.610 5.242 4.899 4.482 4.142 4.095
0.0009 -1.23621 10.00000 0.7017497420 2.3787562847    0.702 -0.280  3.7667  4.583    1  0.000  0.542     0.00     0.00     0.00     0.00     0.00 -1 -4.02e-14      0.00 8.090e-01 1.902e-01 1.304e-04 3.528e-05 3.206e-04 -1.000 7.392e-04 5.469 5.974 6.135 5.590 5.225 4.882 4.467 4.129 4.082
0.0009 -1.23621 10.00000 0.7120358348 2.3835382462    0.712 -0.236  3.7716  4.564    1  0.000  0.540     0.00     0.00     0.00     0.00     0.00 -1 -4.51e-14      0.00 8.128e-01 1.865e-01 1.279e-04 3.469e-05 3.155e-04 -1.000 7.368e-04 5.359 5.826 6.003 5.476 5.120 4.785 4.381 4.050 4.007
0.0009 -1.23621 10.00000 0.7217332125 2.3879032135    0.721 -0.193  3.7760  4.546    1  0.000  0.539     0.00     0.00     0.00     0.00     0.00 -1 -5.05e-14      0.00 8.166e-01 1.827e-01 1.254e-04 3.412e-05 3.103e-04 -1.000 7.202e-04 5.253 5.688 5.877 5.366 5.019 4.692 4.297 3.974 3.934
0.0009 -1.23621 10.00000 0.7309390903 2.3919239044    0.731 -0.152  3.7801  4.526    1  0.000  0.537     0.00     0.00     0.00     0.00     0.00 -1 -5.63e-14      0.00 8.204e-01 1.789e-01 1.229e-04 3.353e-05 3.052e-04 -1.000 6.710e-04 5.151 5.556 5.757 5.261 4.922 4.601 4.216 3.898 3.862
0.0009 -1.23621 10.00000 0.7433019876 2.3971436024    0.743 -0.096  3.7853  4.498    1  0.000  0.535     0.00     0.00     0.00     0.00     0.00 -1 -6.57e-14      0.00 8.258e-01 1.736e-01 1.195e-04 3.270e-05 2.979e-04 -1.000 6.435e-04 5.009 5.386 5.594 5.117 4.788 4.475 4.100 3.790 3.757
0.0009 -1.23621 10.00000 0.7500000000 2.3998889923    0.750 -0.064  3.7881  4.481    1  0.000  0.533     0.00     0.00     0.00     0.00     0.00 -1 -7.17e-14      0.00 8.288e-01 1.705e-01 1.175e-04 3.223e-05 2.937e-04 -1.000 6.392e-04 4.931 5.293 5.505 5.037 4.713 4.404 4.035 3.730 3.698
0.0009 -1.23621 10.00000 0.7503950000 2.4000492096    0.750 -0.062  3.7882  4.480    1  0.000  0.533     0.00     0.00     0.00     0.00     0.00 -1  -7.2e-14      0.00 8.290e-01 1.703e-01 1.174e-04 3.220e-05 2.934e-04 -1.000 6.393e-04 4.926 5.288 5.499 5.032 4.708 4.400 4.031 3.726 3.695
0.0009 -1.23621 10.00000 0.7593335509 2.4036221504    0.759 -0.019  3.7914  4.455    1  0.000  0.533     0.00     0.00     0.00     0.00     0.00 -1 -8.15e-14      0.00 8.334e-01 1.659e-01 1.150e-04 3.155e-05 2.877e-04 -1.000 6.412e-04 4.818 5.164 5.378 4.921 4.604 4.301 3.939 3.639 3.610
0.0009 -1.23621 10.00000 0.7710328102 2.4081547260    0.770  0.040  3.7955  4.419    1  0.000  0.532     0.00     0.00     0.00     0.00     0.00 -1 -9.65e-14      0.00 8.389e-01 1.604e-01 1.121e-04 3.079e-05 2.809e-04 -1.000 6.399e-04 4.670 4.998 5.213 4.770 4.461 4.165 3.812 3.519 3.493
0.0009 -1.23621 10.00000 0.7818913460 2.4122223854    0.781  0.098  3.7992  4.381    1  0.000  0.531     0.00     0.00     0.00     0.00     0.00 -1 -1.14e-13      0.00 8.436e-01 1.558e-01 1.098e-04 3.017e-05 2.754e-04 -1.000 6.392e-04 4.524 4.837 5.051 4.622 4.320 4.030 3.685 3.399 3.375
0.0009 -1.23621 10.00000 0.7915589213 2.4157361984    0.791  0.154  3.8024  4.344    1  0.000  0.531     0.00     0.00     0.00     0.00     0.00 -1 -1.35e-13      0.00 8.473e-01 1.521e-01 1.080e-04 2.970e-05 2.713e-04 -1.000 6.392e-04 4.386 4.689 4.899 4.481 4.185 3.901 3.563 3.283 3.260
0.0009 -1.23621 10.00000 0.8000000119 2.4187245369    0.799  0.205  3.8050  4.308    1  0.000  0.530     0.00     0.00     0.00     0.00     0.00 -1 -1.57e-13      0.00 8.501e-01 1.492e-01 1.068e-04 2.937e-05 2.684e-04 -1.000 6.393e-04 4.258 4.554 4.760 4.350 4.060 3.780 3.448 3.173 3.151
0.0009 -1.23621 10.00000 0.8005254269 2.4189081192    0.800  0.208  3.8051  4.305    1  0.000  0.530     0.00     0.00     0.00     0.00     0.00 -1 -1.59e-13      0.00 8.502e-01 1.492e-01 1.068e-04 2.938e-05 2.685e-04 -1.000 6.395e-04 4.250 4.546 4.751 4.342 4.052 3.773 3.441 3.166 3.145
0.0009 -1.23621 10.00000 0.8077573180 2.4214074612    0.807  0.254  3.8072  4.272    1  0.000  0.530     0.00     0.00     0.00     0.00     0.00 -1 -1.82e-13      0.00 8.507e-01 1.487e-01 1.069e-04 2.943e-05 2.690e-04 -1.000 6.404e-04 4.135 4.426 4.627 4.225 3.939 3.664 3.336 3.066 3.045
0.0009 -1.23621 10.00000 0.8169447184 2.4245095253    0.816  0.316  3.8093  4.223    1  0.000  0.530     0.00     0.00     0.00     0.00     0.00 -1 -2.21e-13      0.00 8.505e-01 1.488e-01 1.075e-04 2.960e-05 2.706e-04 -1.000 6.525e-04 3.980 4.266 4.461 4.067 3.786 3.514 3.191 2.925 2.906
0.0009 -1.23621 10.00000 0.8241434097 2.4268844128    0.823  0.369  3.8103  4.178    1  0.000  0.530     0.00     0.00     0.00     0.00     0.00 -1 -2.63e-13      0.00 8.490e-01 1.503e-01 1.087e-04 2.994e-05 2.737e-04 -1.000 6.544e-04 3.848 4.134 4.323 3.933 3.654 3.385 3.064 2.801 2.781
0.0009 -1.23621 10.00000 0.8243638277 2.4269564152    0.823  0.370  3.8103  4.176    1  0.000  0.530     0.00     0.00     0.00     0.00     0.00 -1 -2.65e-13      0.00 8.489e-01 1.504e-01 1.088e-04 2.995e-05 2.738e-04 -1.000 6.544e-04 3.844 4.129 4.319 3.929 3.650 3.380 3.060 2.797 2.777
0.0009 -1.23621 10.00000 0.8266538382 2.4277014732    0.825  0.389  3.8102  4.158    1  0.000  0.530     0.00     0.00     0.00     0.00     0.00 -1 -2.82e-13      0.00 8.484e-01 1.509e-01 1.092e-04 3.007e-05 2.749e-04 -1.000 6.544e-04 3.797 4.084 4.271 3.881 3.602 3.333 3.012 2.749 2.729
0.0009 -1.23621 10.00000 0.8332037926 2.4298067093    0.832  0.446  3.8088  4.099    1  0.000  0.530     0.00     0.00     0.00     0.00     0.00 -1  -3.4e-13      0.00 8.469e-01 1.524e-01 1.104e-04 3.039e-05 2.779e-04 -1.000 6.544e-04 3.655 3.949 4.131 3.738 3.458 3.187 2.863 2.597 2.577
0.0009 -1.23621 10.00000 0.8387117982 2.4315476418    0.837  0.500  3.8057  4.036    1  0.000  0.530     0.00     0.00     0.00     0.00     0.00 -1 -4.13e-13      0.00 8.457e-01 1.537e-01 1.114e-04 3.066e-05 2.803e-04 -1.000 6.544e-04 3.520 3.827 4.005 3.605 3.319 3.044 2.713 2.442 2.421
0.0009 -1.23621 10.00000 0.8396475315 2.4318408966    0.838  0.510  3.8050  4.024    1  0.000  0.530     0.00     0.00     0.00     0.00     0.00 -1 -4.29e-13      0.00 8.454e-01 1.539e-01 1.115e-04 3.071e-05 2.808e-04 -1.000 6.544e-04 3.496 3.806 3.983 3.581 3.294 3.018 2.685 2.413 2.391
0.0009 -1.23621 10.00000 0.8413431644 2.4323701859    0.840  0.530  3.8025  3.994    2  0.000  0.530     0.00     0.00     0.00     0.00     0.00 -1 -4.65e-13      0.00 8.451e-01 1.543e-01 1.118e-04 3.079e-05 2.815e-04 -1.000 6.544e-04 3.446 3.764 3.940 3.532 3.241 2.961 2.622 2.345 2.323
0.0009 -1.23621 10.00000 0.8446563482 2.4333972931    0.843  0.572  3.7960  3.928    2  0.000  0.530     0.00     0.00     0.00     0.00     0.00 -1  -5.5e-13      0.00 8.443e-01 1.550e-01 1.124e-04 3.095e-05 2.830e-04 -1.000 6.544e-04 3.340 3.685 3.857 3.431 3.128 2.838 2.485 2.196 2.170
0.0009 -1.23621 10.00000 0.8470294476 2.4341275692    0.845  0.606  3.7883  3.864    2  0.000  0.530     0.00     0.00     0.00     0.00     0.00 -1 -6.39e-13      0.00 8.421e-01 1.572e-01 1.139e-04 3.135e-05 2.866e-04 -1.000 6.498e-04 3.256 3.635 3.802 3.352 3.036 2.733 2.362 2.059 2.029
0.0009 -1.23621 10.00000 0.8487948775 2.4346675873    0.847  0.632  3.7794  3.803    2  0.000  0.531     0.00     0.00     0.00     0.00     0.00 -1 -7.29e-13      0.00 8.298e-01 1.696e-01 1.211e-04 3.331e-05 3.043e-04 -1.000 6.685e-04 3.190 3.612 3.772 3.295 2.962 2.644 2.253 1.934 1.899
0.0009 -1.23621 10.00000 0.8500000238 2.4350347519    0.848  0.650  3.7717  3.755    2  0.000  0.532     0.00     0.00     0.00     0.00     0.00 -1 -8.02e-13      0.00 8.105e-01 1.887e-01 1.318e-04 3.617e-05 3.298e-04 -1.000 7.137e-04 3.145 3.613 3.761 3.258 2.911 2.581 2.172 1.838 1.798
0.0009 -1.23621 10.00000 0.8505079746 2.4351892471    0.849  0.658  3.7682  3.734    2  0.000  0.533     0.00     0.00     0.00     0.00     0.00 -1 -8.36e-13      0.00 8.015e-01 1.978e-01 1.367e-04 3.748e-05 3.416e-04 -1.000 7.384e-04 3.126 3.616 3.759 3.243 2.890 2.554 2.136 1.795 1.754
0.0009 -1.23621 10.00000 0.8513916135 2.4354572296    0.849  0.673  3.7613  3.692    2  0.000  0.535     0.00     0.00     0.00     0.00     0.00 -1 -9.09e-13      0.00 7.863e-01 2.128e-01 1.443e-04 3.953e-05 3.598e-04 -1.000 8.070e-04 3.088 3.624 3.754 3.215 2.848 2.501 2.067 1.713 1.667
0.0009 -1.23621 10.00000 0.8524079323 2.4357650280    0.850  0.697  3.7529  3.635    2  0.000  0.536     0.00     0.00     0.00     0.00     0.00 -1 -1.02e-12      0.00 7.750e-01 2.241e-01 1.501e-04 4.105e-05 3.734e-04 -1.000 8.412e-04 3.028 3.625 3.735 3.167 2.785 2.424 1.970 1.601 1.549
0.0009 -1.23621 10.00000 0.8532549739 2.4360206127    0.851  0.728  3.7466  3.579    2  0.000  0.536     0.00     0.00     0.00     0.00     0.00 -1 -1.17e-12      0.00 7.690e-01 2.301e-01 1.531e-04 4.186e-05 3.805e-04 -1.000 8.866e-04 2.951 3.597 3.691 3.101 2.707 2.336 1.865 1.484 1.428
0.0009 -1.23621 10.00000 0.8540541530 2.4362614155    0.852  0.767  3.7415  3.519    2  0.000  0.537     0.00     0.00     0.00     0.00     0.00 -1 -1.37e-12      0.00 7.651e-01 2.340e-01 1.550e-04 4.237e-05 3.851e-04 -1.000 9.093e-04 2.852 3.536 3.617 3.011 2.607 2.228 1.745 1.354 1.294
0.0009 -1.23621 10.00000 0.8542838097 2.4363305569    0.852  0.780  3.7402  3.501    2  0.000  0.537     0.00     0.00     0.00     0.00     0.00 -1 -1.44e-12      0.00 7.641e-01 2.350e-01 1.555e-04 4.249e-05 3.862e-04 -1.000 9.013e-04 2.820 3.513 3.592 2.981 2.575 2.194 1.707 1.314 1.253
0.0009 -1.23621 10.00000 0.8547152281 2.4364600182    0.853  0.809  3.7383  3.465    2  0.000  0.537     0.00     0.00     0.00     0.00     0.00 -1 -1.61e-12      0.00 7.624e-01 2.367e-01 1.561e-04 4.267e-05 3.878e-04 -1.000 9.056e-04 2.746 3.458 3.529 2.912 2.502 2.118 1.626 1.228 1.167
0.0009 -1.23621 10.00000 0.8552651405 2.4366252422    0.853  0.849  3.7361  3.417    3  0.000  0.537     0.00     0.00     0.00     0.00     0.00 -1 -1.86e-12      0.00 7.604e-01 2.387e-01 1.568e-04 4.287e-05 3.896e-04 -1.000 8.888e-04 2.648 3.382 3.443 2.819 2.405 2.018 1.518 1.114 1.052
0.0009 -1.23621 10.00000 0.8558030725 2.4367864132    0.854  0.890  3.7340  3.367    3  0.000  0.537     0.00     0.00     0.00     0.00     0.00 -1 -2.17e-12      0.00 7.585e-01 2.406e-01 1.575e-04 4.304e-05 3.911e-04 -1.000 8.761e-04 2.544 3.296 3.349 2.719 2.302 1.911 1.405 0.996 0.933
0.0009 -1.23621 10.00000 0.8563166857 2.4369399548    0.854  0.934  3.7323  3.317    3  0.000  0.537     0.00     0.00     0.00     0.00     0.00 -1 -2.53e-12      0.00 7.567e-01 2.424e-01 1.579e-04 4.318e-05 3.922e-04 -1.000 9.016e-04 2.436 3.205 3.251 2.615 2.195 1.801 1.290 0.876 0.813
0.0009 -1.23621 10.00000 0.8568605781 2.4371025562    0.855  0.983  3.7305  3.261    3  0.000  0.536     0.00     0.00     0.00     0.00     0.00 -1 -3.03e-12      0.00 7.547e-01 2.445e-01 1.582e-04 4.333e-05 3.933e-04 -1.000 8.528e-04 2.313 3.099 3.138 2.496 2.073 1.676 1.160 0.741 0.677
0.0009 -1.23621 10.00000 0.8573115468 2.4372372627    0.855  1.026  3.7290  3.212    3  0.000  0.535     0.00     0.00     0.00     0.00     0.00 -1 -3.54e-12      0.00 7.529e-01 2.463e-01 1.582e-04 4.353e-05 3.941e-04 -1.000 8.622e-04 2.204 3.003 3.037 2.390 1.964 1.565 1.044 0.621 0.557
0.0009 -1.23621 10.00000 0.8577741981 2.4373750687    0.855  1.075  3.7275  3.157    3  0.000  0.533     0.00     0.00     0.00     0.00     0.00 -1 -4.22e-12      0.00 7.510e-01 2.481e-01 1.577e-04 4.394e-05 3.949e-04 -1.000 8.886e-04 2.082 2.897 2.924 2.272 1.844 1.443 0.916 0.489 0.424
0.0009 -1.23621 10.00000 0.8581939340 2.4375000000    0.856  1.123  3.7259  3.104    3  0.000  0.529     0.00     0.00     0.00     0.00     0.00 -1    -5e-12      0.00 7.493e-01 2.498e-01 1.568e-04 4.474e-05 3.954e-04 -1.000 8.809e-04 1.964 2.794 2.814 2.157 1.727 1.323 0.791 0.359 0.294
0.0009 -1.23621 10.00000 0.8585745096 2.4376132488    0.856  1.169  3.7244  3.051    3  0.000  0.524     0.00     0.00     0.00     0.00     0.00 -1 -5.92e-12      0.00 7.478e-01 2.513e-01 1.555e-04 4.599e-05 3.958e-04 -1.000 8.939e-04 1.847 2.691 2.706 2.044 1.611 1.205 0.668 0.232 0.166
0.0009 -1.23621 10.00000 0.8589270711 2.4377179146    0.856  1.216  3.7229  2.998    3  0.000  0.519     0.00     0.00     0.00     0.00     0.00 -1 -7.01e-12      0.00 7.465e-01 2.526e-01 1.540e-04 4.757e-05 3.962e-04 -1.000 8.579e-04 1.729 2.589 2.597 1.930 1.494 1.086 0.544 0.103 0.038
0.0009 -1.23621 10.00000 0.8592467904 2.4378130436    0.856  1.263  3.7213  2.945    3  0.000  0.513     0.00     0.00     0.00     0.00     0.00 -1 -8.29e-12      0.00 7.454e-01 2.537e-01 1.525e-04 4.934e-05 3.965e-04 -1.000 8.733e-04 1.613 2.490 2.490 1.817 1.379 0.968 0.421 -0.024 -0.090
0.0009 -1.23621 10.00000 0.8595542908 2.4379041195    0.857  1.312  3.7196  2.890    3  0.000  0.508     0.00     0.00     0.00     0.00     0.00 -1 -9.88e-12      0.00 7.444e-01 2.547e-01 1.510e-04 5.114e-05 3.967e-04 -1.000 9.162e-04 1.491 2.387 2.379 1.700 1.258 0.844 0.293 -0.157 -0.224
0.0009 -1.23621 10.00000 0.8598157167 2.4379816055    0.857  1.356  3.7180  2.838    3  0.000  0.504     0.00     0.00     0.00     0.00     0.00 -1 -1.16e-11      0.00 7.436e-01 2.555e-01 1.498e-04 5.253e-05 3.969e-04 -1.000 9.070e-04 1.379 2.293 2.277 1.592 1.147 0.731 0.174 -0.280 -0.348
0.0009 -1.23621 10.00000 0.8600637317 2.4380550385    0.857  1.403  3.7163  2.785    3  0.000  0.501     0.00     0.00     0.00     0.00     0.00 -1 -1.37e-11      0.00 7.431e-01 2.560e-01 1.490e-04 5.359e-05 3.970e-04 -1.000 8.759e-04 1.264 2.198 2.173 1.482 1.034 0.614 0.052 -0.408 -0.476
0.0009 -1.23621 10.00000 0.8602965474 2.4381239414    0.857  1.450  3.7144  2.731    3  0.000  0.498     0.00     0.00     0.00     0.00     0.00 -1 -1.63e-11      0.00 7.427e-01 2.564e-01 1.483e-04 5.445e-05 3.971e-04 -1.000 8.954e-04 1.146 2.101 2.067 1.369 0.917 0.494 -0.074 -0.538 -0.607
0.0009 -1.23621 10.00000 0.8604967594 2.4381833076    0.857  1.494  3.7127  2.680    3  0.000  0.497     0.00     0.00     0.00     0.00     0.00 -1 -1.92e-11      0.00 7.424e-01 2.567e-01 1.479e-04 5.498e-05 3.972e-04 -1.000 9.178e-04 1.035 2.010 1.968 1.263 0.808 0.382 -0.192 -0.661 -0.730
0.0009 -1.23621 10.00000 0.8606905341 2.4382405281    0.857  1.541  3.7108  2.626    3  0.000  0.496     0.00     0.00     0.00     0.00     0.00 -1 -2.27e-11      0.00 7.422e-01 2.568e-01 1.477e-04 5.524e-05 3.972e-04 -1.000 9.227e-04 0.919 1.915 1.865 1.152 0.694 0.265 -0.316 -0.790 -0.860
0.0009 -1.23621 10.00000 0.8608639240 2.4382917881    0.857  1.586  3.7089  2.573    3  0.000  0.496     0.00     0.00     0.00     0.00     0.00 -1 -2.68e-11      0.00 7.422e-01 2.569e-01 1.476e-04 5.531e-05 3.972e-04 -1.000 9.239e-04 0.806 1.825 1.765 1.045 0.583 0.150 -0.436 -0.916 -0.987
0.0009 -1.23621 10.00000 0.8610184789 2.4383373260    0.857  1.629  3.7070  2.522    3  0.000  0.496     0.00     0.00     0.00     0.00     0.00 -1 -3.14e-11      0.00 7.422e-01 2.569e-01 1.476e-04 5.534e-05 3.972e-04 -1.000 9.240e-04 0.697 1.739 1.669 0.942 0.477 0.040 -0.553 -1.038 -1.110
0.0009 -1.23621 10.00000 0.8611658812 2.4383809566    0.857  1.675  3.7050  2.468    3  0.000  0.496     0.00     0.00     0.00     0.00     0.00 -1  -3.7e-11      0.00 7.422e-01 2.569e-01 1.476e-04 5.536e-05 3.972e-04 -1.000 9.240e-04 0.583 1.653 1.571 0.835 0.365 -0.074 -0.674 -1.165 -1.237
0.0009 -1.23621 10.00000 0.8612983823 2.4384200573    0.857  1.719  3.7030  2.416    3  0.000  0.496     0.00     0.00     0.00     0.00     0.00 -1 -4.35e-11      0.00 7.422e-01 2.569e-01 1.476e-04 5.538e-05 3.972e-04 -1.000 9.241e-04 0.473 1.572 1.476 0.731 0.256 -0.187 -0.792 -1.288 -1.361
0.0009 -1.23621 10.00000 0.8614198565 2.4384558201    0.857  1.763  3.7010  2.364    3  0.000  0.496     0.00     0.00     0.00     0.00     0.00 -1 -5.12e-11      0.00 7.422e-01 2.569e-01 1.476e-04 5.540e-05 3.972e-04 -1.000 9.241e-04 0.363 1.492 1.382 0.627 0.148 -0.299 -0.910 -1.411 -1.484
0.0009 -1.23621 10.00000 0.8615328670 2.4384891987    0.857  1.807  3.6988  2.312    3  0.000  0.496     0.00     0.00     0.00     0.00     0.00 -1 -6.01e-11      0.00 7.422e-01 2.569e-01 1.476e-04 5.542e-05 3.972e-04 -1.000 9.240e-04 0.253 1.414 1.289 0.524 0.040 -0.410 -1.028 -1.535 -1.609
0.0009 -1.23621 10.00000 0.8616349101 2.4385192394    0.856  1.849  3.6968  2.261    3  0.000  0.496     0.00     0.00     0.00     0.00     0.00 -1 -7.04e-11      0.00 7.421e-01 2.569e-01 1.475e-04 5.544e-05 3.972e-04 -1.000 9.239e-04 0.147 1.340 1.200 0.425 -0.064 -0.518 -1.143 -1.655 -1.730
0.0009 -1.23621 10.00000 0.8617308140 2.4385476112    0.856  1.892  3.6946  2.209    3  0.000  0.496     0.00     0.00     0.00     0.00     0.00 -1 -8.24e-11      0.00 7.421e-01 2.569e-01 1.475e-04 5.545e-05 3.972e-04 -1.000 9.239e-04 0.041 1.267 1.111 0.326 -0.168 -0.626 -1.257 -1.776 -1.851
0.0009 -1.23621 10.00000 0.8618232608 2.4385747910    0.856  1.934  3.6924  2.158    3  0.000  0.496     0.00     0.00     0.00     0.00     0.00 -1 -9.64e-11      0.00 7.421e-01 2.569e-01 1.475e-04 5.547e-05 3.972e-04 -1.000 9.240e-04 -0.066 1.195 1.023 0.227 -0.271 -0.734 -1.372 -1.897 -1.973
0.0009 -1.23621 10.00000 0.8619116545 2.4386007786    0.856  1.973  3.6904  2.111    3  0.000  0.495     0.00     0.00     0.00     0.00     0.00 -1 -1.11e-10      0.00 7.421e-01 2.569e-01 1.475e-04 5.548e-05 3.972e-04 -1.000 9.240e-04 -0.163 1.129 0.943 0.137 -0.366 -0.832 -1.477 -2.007 -2.083
0.0009 -1.23621 10.00000 0.8620229959 2.4386336803    0.855  2.009  3.6887  2.068    3  0.000  0.495     0.00     0.00     0.00     0.00     0.00 -1 -1.27e-10      0.00 7.421e-01 2.570e-01 1.475e-04 5.550e-05 3.972e-04 -1.000 9.240e-04 -0.252 1.069 0.870 0.055 -0.452 -0.921 -1.572 -2.107 -2.184
0.0009 -1.23621 10.00000 0.8620623350 2.4386453629    0.855  1.997  3.6896  2.084    3  0.000  0.495     0.00     0.00     0.00     0.00     0.00 -1 -1.23e-10      0.00 7.421e-01 2.570e-01 1.475e-04 5.550e-05 3.972e-04 -1.000 9.241e-04 -0.222 1.085 0.892 0.082 -0.423 -0.891 -1.539 -2.071 -2.148
0.0009 -1.23621 10.00000 0.8621114492 2.4386596680    0.855  1.979  3.6908  2.106    3  0.000  0.495     0.00     0.00     0.00     0.00     0.00 -1 -1.15e-10      0.00 7.421e-01 2.570e-01 1.475e-04 5.551e-05 3.972e-04 -1.000 9.240e-04 -0.178 1.110 0.925 0.121 -0.381 -0.847 -1.490 -2.019 -2.096
0.0009 -1.23621 10.00000 0.8621458411 2.4386699200    0.855  2.001  3.6896  2.080    3  0.000  0.495     0.00     0.00     0.00     0.00     0.00 -1 -1.24e-10      0.00 7.421e-01 2.570e-01 1.475e-04 5.552e-05 3.972e-04 -1.000 9.239e-04 -0.232 1.074 0.881 0.071 -0.434 -0.902 -1.549 -2.081 -2.158
0.0009 -1.23621 10.00000 0.8622129560 2.4386897087    0.855  2.044  3.6873  2.027    3  0.000  0.495     0.00     0.00     0.00     0.00     0.00 -1 -1.44e-10      0.00 7.421e-01 2.570e-01 1.475e-04 5.553e-05 3.972e-04 -1.000 9.241e-04 -0.339 1.006 0.795 -0.027 -0.537 -1.009 -1.665 -2.204 -2.282
0.0009 -1.23621 10.00000 0.8622745872 2.4387078285    0.854  2.085  3.6850  1.977    3  0.000  0.495     0.00     0.00     0.00     0.00     0.00 -1 -1.68e-10      0.00 7.421e-01 2.570e-01 1.475e-04 5.554e-05 3.972e-04 -1.000 9.240e-04 -0.442 0.951 0.716 -0.121 -0.637 -1.113 -1.777 -2.324 -2.401
0.0009 -1.23621 10.00000 0.8623335361 2.4387249947    0.854  2.127  3.6827  1.925    3  0.000  0.495     0.00     0.00     0.00     0.00     0.00 -1 -1.97e-10      0.00 7.421e-01 2.570e-01 1.475e-04 5.555e-05 3.972e-04 -1.000 9.241e-04 -0.547 0.905 0.638 -0.218 -0.741 -1.221 -1.892 -2.447 -2.524
0.0009 -1.23621 10.00000 0.8623859286 2.4387404919    0.853  2.167  3.6803  1.875    3  0.000  0.495     0.00     0.00     0.00     0.00     0.00 -1 -2.29e-10      0.00 7.421e-01 2.570e-01 1.475e-04 5.556e-05 3.972e-04 -1.000 9.240e-04 -0.648 0.867 0.567 -0.311 -0.840 -1.324 -2.004 -2.565 -2.641
0.0009 -1.23621 10.00000 0.8624355197 2.4387550354    0.853  2.208  3.6779  1.825    3  0.000  0.495     0.00     0.00     0.00     0.00     0.00 -1 -2.66e-10      0.00 7.421e-01 2.570e-01 1.475e-04 5.556e-05 3.973e-04 -1.000 9.240e-04 -0.750 0.830 0.495 -0.404 -0.941 -1.429 -2.116 -2.684 -2.760
0.0009 -1.23621 10.00000 0.8624797463 2.4387681484    0.853  2.248  3.6755  1.775    3  0.000  0.495     0.00     0.00     0.00     0.00     0.00 -1 -3.09e-10      0.00 7.421e-01 2.570e-01 1.474e-04 5.557e-05 3.973e-04 -1.000 9.241e-04 -0.849 0.801 0.429 -0.493 -1.038 -1.529 -2.225 -2.799 -2.875
0.0009 -1.23621 10.00000 0.8625212312 2.4387803078    0.852  2.287  3.6731  1.726    3  0.000  0.495     0.00     0.00     0.00     0.00     0.00 -1 -3.59e-10      0.00 7.421e-01 2.570e-01 1.474e-04 5.558e-05 3.973e-04 -1.000 9.240e-04 -0.948 0.772 0.363 -0.582 -1.135 -1.631 -2.334 -2.914 -2.990
0.0009 -1.23621 10.00000 0.8625594974 2.4387915134    0.852  2.327  3.6706  1.676    3  0.000  0.495     0.00     0.00     0.00     0.00     0.00 -1 -4.16e-10      0.00 7.421e-01 2.570e-01 1.474e-04 5.558e-05 3.973e-04 -1.000 9.241e-04 -1.047 0.749 0.301 -0.670 -1.231 -1.731 -2.443 -3.030 -3.105
0.0009 -1.23621 10.00000 0.8625953197 2.4388020039    0.851  2.366  3.6682  1.626    3  0.000  0.495     0.00     0.00     0.00     0.00     0.00 -1 -4.82e-10      0.00 7.421e-01 2.570e-01 1.474e-04 5.559e-05 3.973e-04 -1.000 9.241e-04 -1.146 0.730 0.240 -0.757 -1.327 -1.832 -2.552 -3.145 -3.221
0.0009 -1.23621 10.00000 0.8626351953 2.4388139248    0.850  2.414  3.6650  1.566    3  0.000  0.495     0.00     0.00     0.00     0.00     0.00 -1 -5.76e-10      0.00 7.421e-01 2.570e-01 1.474e-04 5.559e-05 3.973e-04 -1.000 9.240e-04 -1.265 0.715 0.172 -0.860 -1.440 -1.951 -2.683 -3.284 -3.360
0.0009 -1.23621 10.00000 0.8626657724 2.4388227463    0.849  2.453  3.6624  1.515    3  0.000  0.495     0.00     0.00     0.00     0.00     0.00 -1 -6.69e-10      0.00 7.421e-01 2.570e-01 1.474e-04 5.560e-05 3.973e-04 -1.000 9.240e-04 -1.363 0.706 0.116 -0.945 -1.534 -2.051 -2.792 -3.400 -3.476
0.0009 -1.23621 10.00000 0.8627000451 2.4388329983    0.848  2.501  3.6593  1.455    3  0.000  0.495     0.00     0.00     0.00     0.00     0.00 -1 -8.01e-10      0.00 7.421e-01 2.570e-01 1.474e-04 5.560e-05 3.973e-04 -1.000 9.240e-04 -1.483 0.691 0.048 -1.044 -1.646 -2.169 -2.923 -3.539 -3.617
0.0009 -1.23621 10.00000 0.8627315760 2.4388420582    0.847  2.548  3.6560  1.394    3  0.000  0.495     0.00     0.00     0.00     0.00     0.00 -1 -9.59e-10      0.00 7.421e-01 2.570e-01 1.474e-04 5.561e-05 3.973e-04 -1.000 9.240e-04 -1.601 0.689 -0.013 -1.139 -1.754 -2.285 -3.052 -3.679 -3.757
0.0009 -1.23621 10.00000 0.8627608418 2.4388508797    0.846  2.596  3.6528  1.332    3  0.000  0.495     0.00     0.00     0.00     0.00     0.00 -1 -1.15e-09      0.00 7.421e-01 2.570e-01 1.474e-04 5.561e-05 3.973e-04 -1.000 9.240e-04 -1.720 0.677 -0.078 -1.234 -1.861 -2.402 -3.182 -3.819 -3.899
0.0009 -1.23621 10.00000 0.8627870679 2.4388585091    0.845  2.642  3.6496  1.273    3  0.000  0.495     0.00     0.00     0.00     0.00     0.00 -1 -1.37e-09      0.00 7.421e-01 2.570e-01 1.474e-04 5.562e-05 3.973e-04 -1.000 9.241e-04 -1.836 0.669 -0.140 -1.325 -1.965 -2.514 -3.308 -3.955 -4.037
0.0009 -1.23621 10.00000 0.8628112674 2.4388656616    0.843  2.689  3.6462  1.212    3  0.000  0.495     0.00     0.00     0.00     0.00     0.00 -1 -1.64e-09      0.00 7.421e-01 2.570e-01 1.474e-04 5.562e-05 3.973e-04 -1.000 9.240e-04 -1.951 0.665 -0.200 -1.414 -2.067 -2.625 -3.433 -4.091 -4.175
0.0009 -1.23621 10.00000 0.8628342748 2.4388723373    0.842  2.736  3.6429  1.151    3  0.000  0.495     0.00     0.00     0.00     0.00     0.00 -1 -1.96e-09      0.00 7.421e-01 2.570e-01 1.474e-04 5.563e-05 3.973e-04 -1.000 9.240e-04 -2.070 0.662 -0.261 -1.505 -2.171 -2.738 -3.562 -4.231 -4.317
0.0009 -1.23621 10.00000 0.8628541231 2.4388782978    0.840  2.780  3.6397  1.093    3  0.000  0.495     0.00     0.00     0.00     0.00     0.00 -1 -2.32e-09      0.00 7.421e-01 2.570e-01 1.474e-04 5.563e-05 3.973e-04 -1.000 9.240e-04 -2.181 0.665 -0.315 -1.589 -2.268 -2.844 -3.682 -4.361 -4.450
0.0009 -1.23621 10.00000 0.8628729582 2.4388837814    0.838  2.825  3.6362  1.033    3  0.000  0.495     0.00     0.00     0.00     0.00     0.00 -1 -2.77e-09      0.00 7.421e-01 2.570e-01 1.474e-04 5.563e-05 3.973e-04 -1.000 9.240e-04 -2.294 0.677 -0.365 -1.670 -2.364 -2.950 -3.804 -4.495 -4.586
0.0009 -1.23621 10.00000 0.8628906608 2.4388890266    0.836  2.871  3.6329  0.973    3  0.000  0.495     0.00     0.00     0.00     0.00     0.00 -1 -3.29e-09      0.00 7.421e-01 2.570e-01 1.474e-04 5.563e-05 3.973e-04 -1.000 9.240e-04 -2.407 0.695 -0.413 -1.751 -2.461 -3.057 -3.927 -4.629 -4.723
0.0009 -1.23621 10.00000 0.8629065156 2.4388935566    0.834  2.915  3.6296  0.915    3  0.000  0.495     0.00     0.00     0.00     0.00     0.00 -1  -3.9e-09      0.00 7.421e-01 2.570e-01 1.474e-04 5.564e-05 3.973e-04 -1.000 9.240e-04 -2.517 0.723 -0.453 -1.826 -2.553 -3.161 -4.046 -4.759 -4.856
0.0009 -1.23621 10.00000 0.8629213572 2.4388978481    0.831  2.959  3.6261  0.855    3  0.000  0.495     0.00     0.00     0.00     0.00     0.00 -1 -4.64e-09      0.00 7.421e-01 2.570e-01 1.474e-04 5.564e-05 3.973e-04 -1.000 9.241e-04 -2.627 0.760 -0.488 -1.897 -2.642 -3.262 -4.164 -4.890 -4.990
0.0009 -1.23621 10.00000 0.8629356027 2.4389021397    0.828  3.004  3.6227  0.794    3  0.000  0.495     0.00     0.00     0.00     0.00     0.00 -1 -5.53e-09      0.00 7.421e-01 2.570e-01 1.474e-04 5.564e-05 3.973e-04 -1.000 9.241e-04 -2.741 0.793 -0.527 -1.973 -2.735 -3.368 -4.287 -5.024 -5.127
0.0009 -1.23621 10.00000 0.8629484177 2.4389059544    0.825  3.048  3.6193  0.736    3  0.000  0.495     0.00     0.00     0.00     0.00     0.00 -1 -6.55e-09      0.00 7.421e-01 2.570e-01 1.474e-04 5.564e-05 3.973e-04 -1.000 9.240e-04 -2.850 0.829 -0.562 -2.043 -2.824 -3.468 -4.404 -5.153 -5.259
0.0009 -1.23621 10.00000 0.8629605174 2.4389095306    0.822  3.092  3.6158  0.676    3  0.000  0.495     0.00     0.00     0.00     0.00     0.00 -1 -7.79e-09      0.00 7.421e-01 2.570e-01 1.474e-04 5.565e-05 3.973e-04 -1.000 9.240e-04 -2.960 0.874 -0.591 -2.110 -2.910 -3.568 -4.522 -5.283 -5.393
0.0009 -1.23621 10.00000 0.8629720211 2.4389128685    0.818  3.137  3.6123  0.615    3  0.000  0.495     0.00     0.00     0.00     0.00     0.00 -1 -9.28e-09      0.00 7.421e-01 2.570e-01 1.474e-04 5.565e-05 3.973e-04 -1.000 9.240e-04 -3.072 0.916 -0.623 -2.179 -2.999 -3.670 -4.641 -5.415 -5.528
0.0009 -1.23621 10.00000 0.8629826307 2.4389159679    0.814  3.181  3.6089  0.555    3  0.000  0.495     0.00     0.00     0.00     0.00     0.00 -1  -1.1e-08      0.00 7.421e-01 2.570e-01 1.474e-04 5.565e-05 3.973e-04 -1.000 9.240e-04 -3.182 0.962 -0.651 -2.245 -3.085 -3.769 -4.759 -5.545 -5.662
0.0009 -1.23621 10.00000 0.8629927039 2.4389188290    0.809  3.225  3.6054  0.494    3  0.000  0.495     0.00     0.00     0.00     0.00     0.00 -1 -1.31e-08      0.00 7.421e-01 2.570e-01 1.474e-04 5.565e-05 3.973e-04 -1.000 9.240e-04 -3.293 1.013 -0.675 -2.307 -3.169 -3.868 -4.876 -5.675 -5.796
0.0009 -1.23621 10.00000 0.8630021811 2.4389216900    0.803  3.269  3.6020  0.434    3  0.000  0.495     0.00     0.00     0.00     0.00     0.00 -1 -1.56e-08      0.00 7.421e-01 2.570e-01 1.474e-04 5.565e-05 3.973e-04 -1.000 9.240e-04 -3.403 1.073 -0.689 -2.364 -3.250 -3.966 -4.994 -5.804 -5.930
0.0009 -1.23621 10.00000 0.8630112410 2.4389243126    0.797  3.311  3.5986  0.375    3  0.000  0.495     0.00     0.00     0.00     0.00     0.00 -1 -1.85e-08      0.00 7.421e-01 2.570e-01 1.474e-04 5.565e-05 3.973e-04 -1.000 9.239e-04 -3.508 1.133 -0.699 -2.416 -3.327 -4.059 -5.105 -5.927 -6.057
0.0009 -1.23621 10.00000 0.8630133271 2.4389250278    0.795  3.320  3.5979  0.362    3  0.000  0.495     0.00     0.00     0.00     0.00     0.00 -1 -1.93e-08      0.00 7.421e-01 2.570e-01 1.474e-04 5.565e-05 3.973e-04 -1.000 9.240e-04 -3.530 1.146 -0.700 -2.427 -3.343 -4.079 -5.130 -5.954 -6.085
0.0009 -1.23621 10.00000 0.8630133271 2.4389250278    0.795  1.757  3.7397  2.492    4  0.000  0.518     0.00     0.00     0.00     0.00     0.00 -1    -1e-30      0.00 7.405e-01 2.586e-01 1.560e-04 4.863e-05 4.016e-04 -1.000 9.240e-04 0.377 1.088 1.127 0.535 0.136 -0.243 -0.741 -1.146 -1.201
0.0009 -1.23621 10.00000 0.8630802631 2.4389445782    0.795  1.774  3.7384  2.470    4  0.000  0.518     0.00     0.00     0.00     0.00     0.00 -1    -1e-30      0.00 7.405e-01 2.586e-01 1.560e-04 4.863e-05 4.016e-04 -1.000 9.241e-04 0.334 1.059 1.092 0.494 0.094 -0.288 -0.790 -1.197 -1.253
0.0009 -1.23621 10.00000 0.8631450534 2.4389636517    0.795  1.777  3.7383  2.466    4  0.000  0.518     0.00     0.00     0.00     0.00     0.00 -1    -1e-30      0.00 7.405e-01 2.586e-01 1.560e-04 4.863e-05 4.016e-04 -1.000 9.241e-04 0.327 1.053 1.085 0.487 0.086 -0.295 -0.797 -1.205 -1.261
0.0009 -1.23621 10.00000 0.8632110953 2.4389829636    0.796  1.779  3.7383  2.465    4  0.000  0.518     0.00     0.00     0.00     0.00     0.00 -1    -1e-30      0.00 7.405e-01 2.586e-01 1.560e-04 4.864e-05 4.016e-04 -1.000 9.241e-04 0.322 1.048 1.080 0.483 0.082 -0.299 -0.802 -1.209 -1.265
0.0009 -1.23621 10.00000 0.8632773757 2.4390025139    0.796  1.780  3.7386  2.465    4  0.000  0.518     0.00     0.00     0.00     0.00     0.00 -1    -1e-30      0.00 7.405e-01 2.586e-01 1.560e-04 4.864e-05 4.016e-04 -1.000 9.241e-04 0.320 1.044 1.076 0.480 0.079 -0.301 -0.803 -1.209 -1.265
0.0009 -1.23621 10.00000 0.8633442521 2.4390220642    0.796  1.780  3.7391  2.467    4  0.000  0.518     0.00     0.00     0.00     0.00     0.00 -1    -1e-30      0.00 7.405e-01 2.586e-01 1.560e-04 4.864e-05 4.016e-04 -1.000 9.240e-04 0.320 1.039 1.073 0.478 0.079 -0.301 -0.801 -1.207 -1.263
0.0009 -1.23621 10.00000 0.8634121418 2.4390420914    0.796  1.780  3.7397  2.470    4  0.000  0.518     0.00     0.00     0.00     0.00     0.00 -1    -1e-30      0.00 7.405e-01 2.586e-01 1.560e-04 4.864e-05 4.016e-04 -1.000 9.241e-04 0.321 1.034 1.070 0.478 0.080 -0.299 -0.798 -1.202 -1.257
0.0009 -1.23621 10.00000 0.8634788394 2.4390616417    0.796  1.779  3.7404  2.473    4  0.000  0.518     0.00     0.00     0.00     0.00     0.00 -1    -1e-30      0.00 7.405e-01 2.586e-01 1.560e-04 4.864e-05 4.016e-04 -1.000 9.240e-04 0.322 1.030 1.068 0.478 0.081 -0.296 -0.793 -1.196 -1.251
0.0009 -1.23621 10.00000 0.8635473251 2.4390816689    0.796  1.778  3.7411  2.477    4  0.000  0.518     0.00     0.00     0.00     0.00     0.00 -1    -1e-30      0.00 7.405e-01 2.586e-01 1.560e-04 4.864e-05 4.016e-04 -1.000 9.241e-04 0.325 1.028 1.066 0.479 0.084 -0.293 -0.787 -1.188 -1.243
0.0009 -1.23621 10.00000 0.8636119366 2.4391007423    0.796  1.777  3.7418  2.481    4  0.000  0.518     0.00     0.00     0.00     0.00     0.00 -1    -1e-30      0.00 7.405e-01 2.586e-01 1.560e-04 4.864e-05 4.016e-04 -1.000 9.240e-04 0.327 1.025 1.064 0.480 0.085 -0.290 -0.783 -1.182 -1.236
0.0009 -1.23621 10.00000 0.8636820316 2.4391212463    0.796  1.776  3.7425  2.485    4  0.000  0.518     0.00     0.00     0.00     0.00     0.00 -1    -1e-30      0.00 7.405e-01 2.586e-01 1.560e-04 4.864e-05 4.016e-04 -1.000 9.241e-04 0.329 1.022 1.061 0.480 0.087 -0.287 -0.777 -1.175 -1.229
0.0009 -1.23621 10.00000 0.8637439609 2.4391393661    0.796  1.776  3.7431  2.488    4  0.000  0.518     0.00     0.00     0.00     0.00     0.00 -1    -1e-30      0.00 7.405e-01 2.586e-01 1.560e-04 4.864e-05 4.016e-04 -1.000 9.241e-04 0.330 1.019 1.059 0.480 0.089 -0.284 -0.773 -1.169 -1.223
0.0009 -1.23621 10.00000 0.8638123274 2.4391593933    0.796  1.775  3.7438  2.491    4  0.000  0.518     0.00     0.00     0.00     0.00     0.00 -1    -1e-30      0.00 7.405e-01 2.586e-01 1.560e-04 4.864e-05 4.016e-04 -1.000 9.240e-04 0.332 1.016 1.057 0.480 0.090 -0.282 -0.769 -1.164 -1.217
0.0009 -1.23621 10.00000 0.8638786674 2.4391789436    0.796  1.775  3.7443  2.494    4  0.000  0.518     0.00     0.00     0.00     0.00     0.00 -1    -1e-30      0.00 7.405e-01 2.586e-01 1.560e-04 4.864e-05 4.016e-04 -1.000 9.241e-04 0.333 1.014 1.055 0.480 0.091 -0.280 -0.765 -1.159 -1.211
0.0009 -1.23621 10.00000 0.8639444113 2.4391982555    0.796  1.774  3.7448  2.496    4  0.000  0.518     0.00     0.00     0.00     0.00     0.00 -1    -1e-30      0.00 7.405e-01 2.586e-01 1.560e-04 4.864e-05 4.016e-04 -1.000 9.240e-04 0.334 1.011 1.053 0.480 0.092 -0.278 -0.763 -1.155 -1.207
0.0009 -1.23621 10.00000 0.8639594913 2.4392025471    0.796  1.774  3.7449  2.496    4  0.000  0.518     0.00     0.00     0.00     0.00     0.00 -1    -1e-30      0.00 7.405e-01 2.586e-01 1.560e-04 4.864e-05 4.016e-04 -1.000 9.241e-04 0.334 1.010 1.052 0.480 0.092 -0.278 -0.762 -1.154 -1.207
0.0009 -1.23621 10.00000 0.8640093207 2.4392170906    0.796  1.774  3.7452  2.498    4  0.000  0.518     0.00     0.00     0.00     0.00     0.00 -1    -1e-30      0.00 7.405e-01 2.586e-01 1.560e-04 4.864e-05 4.016e-04 -1.000 9.241e-04 0.334 1.009 1.051 0.479 0.092 -0.277 -0.761 -1.152 -1.204
0.0009 -1.23621 10.00000 0.8640782237 2.4392373562    0.796  1.774  3.7455  2.499    4  0.000  0.518     0.00     0.00     0.00     0.00     0.00 -1    -1e-30      0.00 7.405e-01 2.586e-01 1.560e-04 4.865e-05 4.016e-04 -1.000 9.240e-04 0.334 1.006 1.048 0.478 0.091 -0.277 -0.760 -1.150 -1.203
0.0009 -1.23621 10.00000 0.8641459942 2.4392571449    0.797  1.775  3.7457  2.499    4  0.000  0.518     0.00     0.00     0.00     0.00     0.00 -1    -1e-30      0.00 7.405e-01 2.586e-01 1.560e-04 4.865e-05 4.016e-04 -1.000 9.241e-04 0.333 1.003 1.046 0.477 0.090 -0.278 -0.760 -1.150 -1.202
0.0009 -1.23621 10.00000 0.8642093539 2.4392757416    0.797  1.776  3.7458  2.499    4  0.000  0.518     0.00     0.00     0.00     0.00     0.00 -1    -1e-30      0.00 7.405e-01 2.586e-01 1.560e-04 4.865e-05 4.016e-04 -1.000 9.241e-04 0.331 1.001 1.044 0.475 0.088 -0.280 -0.762 -1.151 -1.203
0.0009 -1.23621 10.00000 0.8642734289 2.4392945766    0.797  1.777  3.7458  2.498    4  0.000  0.518     0.00     0.00     0.00     0.00     0.00 -1    -1e-30      0.00 7.405e-01 2.586e-01 1.560e-04 4.865e-05 4.016e-04 -1.000 9.240e-04 0.328 0.999 1.042 0.472 0.086 -0.282 -0.764 -1.154 -1.206
0.0009 -1.23621 10.00000 0.8643381596 2.4393134117    0.797  1.778  3.7456  2.496    4  0.000  0.518     0.00     0.00     0.00     0.00     0.00 -1    -1e-30      0.00 7.405e-01 2.586e-01 1.560e-04 4.865e-05 4.016e-04 -1.000 9.240e-04 0.325 0.997 1.039 0.469 0.082 -0.286 -0.768 -1.158 -1.210
0.0009 -1.23621 10.00000 0.8644060493 2.4393334389    0.797  1.780  3.7454  2.493    4  0.000  0.518     0.00     0.00     0.00     0.00     0.00 -1    -1e-30      0.00 7.405e-01 2.586e-01 1.560e-04 4.865e-05 4.016e-04 -1.000 9.240e-04 0.321 0.994 1.036 0.465 0.078 -0.291 -0.774 -1.165 -1.217
0.0009 -1.23621 10.00000 0.8644303083 2.4393403530    0.797  1.781  3.7452  2.492    4  0.000  0.518     0.00     0.00     0.00     0.00     0.00 -1    -1e-30      0.00 7.405e-01 2.586e-01 1.560e-04 4.865e-05 4.016e-04 -1.000 9.241e-04 0.319 0.993 1.035 0.464 0.076 -0.293 -0.776 -1.168 -1.220
0.0009 -1.23621 10.00000 0.8644475341 2.4393453598    0.797  1.781  3.7451  2.491    4  0.000  0.518     0.00     0.00     0.00     0.00     0.00 -1    -1e-30      0.00 7.405e-01 2.586e-01 1.560e-04 4.865e-05 4.016e-04 -1.000 9.240e-04 0.317 0.993 1.034 0.462 0.074 -0.295 -0.779 -1.170 -1.222
0.0009 -1.23621 10.00000 0.8645056486 2.4393625259    0.797  1.783  3.7447  2.487    4  0.000  0.518     0.00     0.00     0.00     0.00     0.00 -1    -1e-30      0.00 7.405e-01 2.586e-01 1.560e-04 4.865e-05 4.016e-04 -1.000 9.240e-04 0.312 0.990 1.031 0.458 0.069 -0.301 -0.786 -1.178 -1.231
0.0009 -1.23621 10.00000 0.8645666838 2.4393804073    0.797  1.786  3.7442  2.482    4  0.000  0.518     0.00     0.00     0.00     0.00     0.00 -1    -1e-30      0.00 7.405e-01 2.586e-01 1.560e-04 4.865e-05 4.016e-04 -1.000 9.240e-04 0.305 0.988 1.027 0.452 0.063 -0.308 -0.794 -1.188 -1.241
0.0009 -1.23621 10.00000 0.8646245003 2.4393973351    0.797  1.789  3.7436  2.477    4  0.000  0.518     0.00     0.00     0.00     0.00     0.00 -1    -1e-30      0.00 7.405e-01 2.586e-01 1.560e-04 4.865e-05 4.016e-04 -1.000 9.241e-04 0.298 0.985 1.024 0.446 0.056 -0.316 -0.804 -1.199 -1.252
0.0009 -1.23621 10.00000 0.8646831512 2.4394145012    0.797  1.792  3.7431  2.472    4  0.000  0.518     0.00     0.00     0.00     0.00     0.00 -1    -1e-30      0.00 7.405e-01 2.586e-01 1.560e-04 4.865e-05 4.016e-04 -1.000 9.241e-04 0.291 0.981 1.019 0.440 0.048 -0.324 -0.814 -1.210 -1.263
0.0009 -1.23621 10.00000 0.8647396564 2.4394309521    0.797  1.796  3.7422  2.464    4  0.000  0.518     0.00     0.00     0.00     0.00     0.00 -1    -1e-30      0.00 7.405e-01 2.586e-01 1.560e-04 4.865e-05 4.016e-04 -1.000 9.240e-04 0.280 0.977 1.014 0.431 0.038 -0.336 -0.828 -1.226 -1.280
0.0009 -1.23621 10.00000 0.8647965789 2.4394476414    0.797  1.801  3.7412  2.456    4  0.000  0.518     0.00     0.00     0.00     0.00     0.00 -1    -1e-30      0.00 7.405e-01 2.586e-01 1.560e-04 4.865e-05 4.016e-04 -1.000 9.240e-04 0.268 0.972 1.008 0.421 0.026 -0.350 -0.844 -1.244 -1.299
0.0009 -1.23621 10.00000 0.8648543358 2.4394645691    0.797  1.806  3.7402  2.446    4  0.000  0.518     0.00     0.00     0.00     0.00     0.00 -1    -1e-30      0.00 7.405e-01 2.586e-01 1.560e-04 4.865e-05 4.016e-04 -1.000 9.240e-04 0.254 0.966 1.000 0.410 0.012 -0.366 -0.863 -1.266 -1.321
0.0009 -1.23621 10.00000 0.8649117947 2.4394812584    0.797  1.813  3.7390  2.435    4  0.000  0.518     0.00     0.00     0.00     0.00     0.00 -1    -1e-30      0.00 7.405e-01 2.586e-01 1.560e-04 4.865e-05 4.016e-04 -1.000 9.240e-04 0.238 0.961 0.991 0.396 -0.003 -0.383 -0.883 -1.289 -1.344
0.0009 -1.23621 10.00000 0.8649739623 2.4394993782    0.797  1.821  3.7376  2.421    4  0.000  0.518     0.00     0.00     0.00     0.00     0.00 -1    -1e-30      0.00 7.405e-01 2.586e-01 1.560e-04 4.866e-05 4.016e-04 -1.000 9.241e-04 0.218 0.954 0.979 0.379 -0.024 -0.406 -0.910 -1.319 -1.375
0.0009 -1.23621 10.00000 0.8650313616 2.4395163059    0.798  1.825  3.7370  2.415    4  0.000  0.518     0.00     0.00     0.00     0.00     0.00 -1    -1e-30      0.00 7.405e-01 2.586e-01 1.560e-04 4.866e-05 4.016e-04 -1.000 9.241e-04 0.208 0.950 0.974 0.371 -0.033 -0.416 -0.922 -1.332 -1.388
0.0009 -1.23621 10.00000 0.8650880456 2.4395327568    0.798  1.836  3.7351  2.396    4  0.000  0.518     0.00     0.00     0.00     0.00     0.00 -1    -1e-30      0.00 7.405e-01 2.586e-01 1.560e-04 4.866e-05 4.016e-04 -1.000 9.241e-04 0.179 0.940 0.956 0.346 -0.062 -0.448 -0.959 -1.374 -1.431
0.0009 -1.23621 10.00000 0.8651467562 2.4395499229    0.798  1.855  3.7322  2.365    4  0.000  0.518     0.00     0.00     0.00     0.00     0.00 -1    -1e-30      0.00 7.405e-01 2.586e-01 1.560e-04 4.866e-05 4.016e-04 -1.000 9.241e-04 0.132 0.920 0.927 0.304 -0.109 -0.500 -1.019 -1.441 -1.499
0.0009 -1.23621 10.00000 0.8652001619 2.4395654202    0.798  1.890  3.7274  2.311    4  0.000  0.518     0.00     0.00     0.00     0.00     0.00 -1    -1e-30      0.00 7.405e-01 2.586e-01 1.560e-04 4.866e-05 4.016e-04 -1.000 9.241e-04 0.045 0.884 0.872 0.229 -0.194 -0.594 -1.126 -1.559 -1.620
0.0009 -1.23621 10.00000 0.8652259707 2.4395730495    0.798  1.926  3.7227  2.256    4  0.000  0.518     0.00     0.00     0.00     0.00     0.00 -1    -1e-30      0.00 7.405e-01 2.586e-01 1.560e-04 4.866e-05 4.016e-04 -1.000 9.241e-04 -0.046 0.844 0.812 0.149 -0.284 -0.691 -1.237 -1.681 -1.744
0.0009 -1.23621 10.00000 0.8652374744 2.4395763874    0.798  1.963  3.7182  2.201    4  0.000  0.518     0.00     0.00     0.00     0.00     0.00 -1    -1e-30      0.00 7.405e-01 2.586e-01 1.560e-04 4.866e-05 4.016e-04 -1.000 9.241e-04 -0.138 0.804 0.751 0.068 -0.373 -0.789 -1.347 -1.802 -1.867
0.0009 -1.23621 10.00000 0.8652424812 2.4395778179    0.798  2.000  3.7140  2.148    4  0.000  0.518     0.00     0.00     0.00     0.00     0.00 -1    -1e-30      0.00 7.405e-01 2.586e-01 1.560e-04 4.866e-05 4.016e-04 -1.000 9.240e-04 -0.230 0.763 0.690 -0.012 -0.463 -0.886 -1.457 -1.922 -1.988
0.0009 -1.23621 10.00000 0.8652448058 2.4395785332    0.798  2.033  3.7105  2.101    4  0.000  0.518     0.00     0.00     0.00     0.00     0.00 -1    -1e-30      0.00 7.405e-01 2.586e-01 1.560e-04 4.866e-05 4.016e-04 -1.000 9.241e-04 -0.313 0.724 0.633 -0.085 -0.543 -0.972 -1.553 -2.028 -2.095
0.0009 -1.23621 10.00000 0.8652461767 2.4395790100    0.798  2.063  3.7075  2.059    4  0.000  0.518     0.00     0.00     0.00     0.00     0.00 -1    -1e-30      0.00 7.405e-01 2.586e-01 1.560e-04 4.866e-05 4.016e-04 -1.000 9.240e-04 -0.387 0.689 0.582 -0.150 -0.615 -1.049 -1.639 -2.121 -2.190
0.0009 -1.23621 10.00000 0.8652462959 2.4395790100    0.798  2.066  3.7072  2.055    7  0.000  0.518     0.00     0.00     0.00     0.00     0.00 -1 -8.91e-10      0.00 7.405e-01 2.570e-01 1.560e-04 4.866e-05 4.016e-04 -1.000 2.504e-03 -0.394 0.686 0.577 -0.156 -0.622 -1.057 -1.648 -2.130 -2.200
0.0009 -1.23621 10.00000 0.8652464747 2.4395790100    0.798  2.072  3.7066  2.046    7  0.000  0.518     0.00     0.00     0.00     0.00     0.00 -1 -9.26e-10      0.00 7.405e-01 2.570e-01 1.560e-04 4.866e-05 4.016e-04 -1.000 2.504e-03 -0.411 0.678 0.565 -0.171 -0.638 -1.074 -1.666 -2.151 -2.220
0.0009 -1.23621 10.00000 0.8652478456 2.4395794868    0.798  2.116  3.7027  1.986    7  0.000  0.518     0.00     0.00     0.00     0.00     0.00 -1  -1.2e-09      0.00 7.405e-01 2.570e-01 1.560e-04 4.866e-05 4.016e-04 -1.000 2.504e-03 -0.521 0.623 0.487 -0.268 -0.744 -1.187 -1.792 -2.286 -2.357
0.0009 -1.23621 10.00000 0.8652489781 2.4395797253    0.798  2.154  3.6994  1.935    7  0.000  0.518     0.00     0.00     0.00     0.00     0.00 -1  -1.5e-09      0.00 7.405e-01 2.570e-01 1.560e-04 4.866e-05 4.016e-04 -1.000 2.504e-03 -0.616 0.579 0.420 -0.352 -0.835 -1.285 -1.900 -2.404 -2.476
0.0009 -1.23621 10.00000 0.8652500510 2.4395799637    0.798  2.180  3.6972  1.901    7  0.000  0.518     0.00     0.00     0.00     0.00     0.00 -1 -1.74e-09      0.00 7.405e-01 2.570e-01 1.560e-04 4.866e-05 4.016e-04 -1.000 2.504e-03 -0.680 0.551 0.376 -0.408 -0.897 -1.350 -1.973 -2.483 -2.556
0.0009 -1.23621 10.00000 0.8652512431 2.4395804405    0.797  2.198  3.6957  1.877    7  0.000  0.518     0.00     0.00     0.00     0.00     0.00 -1 -1.93e-09      0.00 7.405e-01 2.570e-01 1.560e-04 4.866e-05 4.016e-04 -1.000 2.504e-03 -0.724 0.532 0.345 -0.446 -0.939 -1.395 -2.023 -2.537 -2.611
0.0009 -1.23621 10.00000 0.8652541637 2.4395811558    0.797  2.213  3.6945  1.857    7  0.000  0.518     0.00     0.00     0.00     0.00     0.00 -1 -2.11e-09      0.00 7.405e-01 2.570e-01 1.560e-04 4.866e-05 4.016e-04 -1.000 2.504e-03 -0.762 0.514 0.318 -0.480 -0.976 -1.435 -2.066 -2.585 -2.658
0.0009 -1.23621 10.00000 0.8652566671 2.4395821095    0.797  2.197  3.6958  1.877    7  0.000  0.518     0.00     0.00     0.00     0.00     0.00 -1 -1.92e-09      0.00 7.405e-01 2.570e-01 1.560e-04 4.866e-05 4.016e-04 -1.000 2.504e-03 -0.723 0.532 0.345 -0.446 -0.938 -1.395 -2.022 -2.537 -2.610
0.0009 -1.23621 10.00000 0.8652644753 2.4395842552    0.797  2.169  3.6981  1.914    7  0.000  0.518     0.00     0.00     0.00     0.00     0.00 -1 -1.64e-09      0.00 7.405e-01 2.570e-01 1.560e-04 4.866e-05 4.016e-04 -1.000 2.504e-03 -0.653 0.562 0.394 -0.385 -0.871 -1.323 -1.943 -2.450 -2.523
0.0009 -1.23621 10.00000 0.8652979136 2.4395940304    0.795  2.186  3.6965  1.890    7  0.000  0.518     0.00     0.00     0.00     0.00     0.00 -1 -1.83e-09      0.00 7.405e-01 2.570e-01 1.560e-04 4.866e-05 4.016e-04 -1.000 2.504e-03 -0.695 0.547 0.366 -0.421 -0.911 -1.366 -1.991 -2.503 -2.576
0.0009 -1.23621 10.00000 0.8653175831 2.4395997524    0.793  2.218  3.6938  1.847    7  0.000  0.518     0.00     0.00     0.00     0.00     0.00 -1 -2.22e-09      0.00 7.405e-01 2.570e-01 1.560e-04 4.866e-05 4.016e-04 -1.000 2.504e-03 -0.775 0.513 0.311 -0.490 -0.987 -1.447 -2.081 -2.601 -2.675
0.0009 -1.23621 10.00000 0.8653395772 2.4396061897    0.791  2.258  3.6904  1.792    7  0.000  0.518     0.00     0.00     0.00     0.00     0.00 -1 -2.81e-09      0.00 7.405e-01 2.570e-01 1.560e-04 4.866e-05 4.016e-04 -1.000 2.504e-03 -0.875 0.471 0.243 -0.577 -1.083 -1.550 -2.195 -2.725 -2.800
0.0009 -1.23621 10.00000 0.8653606176 2.4396123886    0.789  2.302  3.6867  1.732    7  0.000  0.518     0.00     0.00     0.00     0.00     0.00 -1 -3.63e-09      0.00 7.405e-01 2.570e-01 1.560e-04 4.866e-05 4.016e-04 -1.000 2.504e-03 -0.984 0.429 0.169 -0.670 -1.185 -1.659 -2.318 -2.860 -2.936
0.0009 -1.23621 10.00000 0.8653793931 2.4396178722    0.786  2.345  3.6831  1.672    7  0.000  0.518     0.00     0.00     0.00     0.00     0.00 -1 -4.73e-09      0.00 7.405e-01 2.570e-01 1.560e-04 4.866e-05 4.016e-04 -1.000 2.504e-03 -1.093 0.432 0.110 -0.770 -1.296 -1.775 -2.445 -2.996 -3.070
0.0009 -1.23621 10.00000 0.8653959036 2.4396226406    0.783  2.386  3.6797  1.616    7  0.000  0.518     0.00     0.00     0.00     0.00     0.00 -1 -6.03e-09      0.00 7.405e-01 2.570e-01 1.560e-04 4.866e-05 4.016e-04 -1.000 2.504e-03 -1.196 0.426 0.053 -0.861 -1.398 -1.882 -2.563 -3.122 -3.196
0.0009 -1.23621 10.00000 0.8654104471 2.4396269321    0.779  2.426  3.6765  1.561    7  0.000  0.518     0.00     0.00     0.00     0.00     0.00 -1  -7.6e-09      0.00 7.405e-01 2.570e-01 1.559e-04 4.866e-05 4.016e-04 -1.000 2.463e-03 -1.295 0.424 -0.000 -0.947 -1.495 -1.985 -2.676 -3.244 -3.317
0.0009 -1.23621 10.00000 0.8654233813 2.4396307468    0.775  2.465  3.6733  1.507    7  0.000  0.517     0.00     0.00     0.00     0.00     0.00 -1  -9.6e-09      0.00 7.405e-01 2.571e-01 1.558e-04 4.868e-05 4.016e-04 -1.000 2.418e-03 -1.393 0.425 -0.050 -1.031 -1.589 -2.085 -2.787 -3.363 -3.436
0.0009 -1.23621 10.00000 0.8654349446 2.4396340847    0.770  2.504  3.6701  1.453    7  0.000  0.517     0.00     0.00     0.00     0.00     0.00 -1 -1.21e-08      0.00 7.405e-01 2.571e-01 1.556e-04 4.875e-05 4.016e-04 -1.000 2.398e-03 -1.490 0.383 -0.114 -1.108 -1.675 -2.179 -2.894 -3.480 -3.555
0.0009 -1.23621 10.00000 0.8654454350 2.4396371841    0.765  2.542  3.6670  1.400    7  0.000  0.514     0.00     0.00     0.00     0.00     0.00 -1 -1.52e-08      0.00 7.405e-01 2.571e-01 1.550e-04 4.913e-05 4.016e-04 -1.000 2.372e-03 -1.585 0.398 -0.157 -1.186 -1.766 -2.276 -3.002 -3.596 -3.671
0.0009 -1.23621 10.00000 0.8654527068 2.4396393299    0.761  2.571  3.6631  1.353    7  0.000  0.511     0.00     0.00     0.00     0.00     0.00 -1 -1.83e-08      0.00 7.405e-01 2.572e-01 1.542e-04 4.990e-05 4.016e-04 -1.000 2.330e-03 -1.657 0.459 -0.164 -1.236 -1.830 -2.349 -3.088 -3.693 -3.768
0.0009 -1.23621 10.00000 0.8654616475 2.4396419525    0.754  2.608  3.6562  1.284    7  0.000  0.505     0.00     0.00     0.00     0.00     0.00 -1 -2.33e-08      0.00 7.404e-01 2.573e-01 1.523e-04 5.192e-05 4.016e-04 -1.000 2.302e-03 -1.751 0.599 -0.142 -1.287 -1.907 -2.440 -3.207 -3.830 -3.908
0.0009 -1.23621 10.00000 0.8654700518 2.4396443367    0.746  2.647  3.6518  1.223    7  0.000  0.497     0.00     0.00     0.00     0.00     0.00 -1 -2.97e-08      0.00 7.404e-01 2.573e-01 1.498e-04 5.484e-05 4.017e-04 -1.000 2.294e-03 -1.847 0.638 -0.168 -1.350 -1.986 -2.531 -3.316 -3.954 -4.034
0.0009 -1.23621 10.00000 0.8654780984 2.4396467209    0.736  2.685  3.6486  1.166    7  0.000  0.489     0.00     0.00     0.00     0.00     0.00 -1 -3.78e-08      0.00 7.403e-01 2.574e-01 1.475e-04 5.774e-05 4.017e-04 -1.000 2.255e-03 -1.943 0.651 -0.210 -1.420 -2.069 -2.623 -3.422 -4.070 -4.153
0.0009 -1.23621 10.00000 0.8654857874 2.4396488667    0.724  2.723  3.6453  1.108    7  0.000  0.482     0.00     0.00     0.00     0.00     0.00 -1 -4.84e-08      0.00 7.402e-01 2.575e-01 1.454e-04 6.033e-05 4.017e-04 -1.000 2.236e-03 -2.038 0.666 -0.250 -1.489 -2.151 -2.713 -3.527 -4.185 -4.270
0.0009 -1.23621 10.00000 0.8654932380 2.4396510124    0.709  2.761  3.6421  1.047    7  0.000  0.475     0.00     0.00     0.00     0.00     0.00 -1 -6.29e-08      0.00 7.402e-01 2.576e-01 1.435e-04 6.262e-05 4.018e-04 -1.000 2.218e-03 -2.133 0.686 -0.288 -1.557 -2.232 -2.804 -3.631 -4.301 -4.388
0.0009 -1.23621 10.00000 0.8654999733 2.4396529198    0.691  2.798  3.6389  0.987    7  0.000  0.470     0.00     0.00     0.00     0.00     0.00 -1 -8.21e-08      0.00 7.401e-01 2.577e-01 1.420e-04 6.453e-05 4.018e-04 -1.000 2.204e-03 -2.225 0.715 -0.319 -1.620 -2.309 -2.890 -3.732 -4.412 -4.501
0.0009 -1.23621 10.00000 0.8655065894 2.4396550655    0.668  2.836  3.6357  0.922    7  0.000  0.465     0.00     0.00     0.00     0.00     0.00 -1 -1.11e-07      0.00 7.400e-01 2.578e-01 1.405e-04 6.633e-05 4.018e-04 -1.000 2.192e-03 -2.319 0.759 -0.344 -1.681 -2.387 -2.979 -3.836 -4.526 -4.618
0.0009 -1.23621 10.00000 0.8655126095 2.4396567345    0.640  2.873  3.6331  0.855    7  0.000  0.461     0.00     0.00     0.00     0.00     0.00 -1 -1.53e-07      0.00 7.399e-01 2.579e-01 1.393e-04 6.787e-05 4.018e-04 -1.000 2.181e-03 -2.413 0.794 -0.374 -1.745 -2.466 -3.067 -3.938 -4.636 -4.730
0.0009 -1.23621 10.00000 0.8655174971 2.4396581650    0.608  2.908  3.6320  0.794    7  0.000  0.458     0.00     0.00     0.00     0.00     0.00 -1 -2.11e-07      0.00 7.399e-01 2.580e-01 1.383e-04 6.911e-05 4.017e-04 -1.000 2.140e-03 -2.501 0.792 -0.422 -1.817 -2.548 -3.155 -4.031 -4.732 -4.827
0.0009 -1.23621 10.00000 0.8655212522 2.4396593571    0.574  2.942  3.6345  0.745    7  0.000  0.455     0.00     0.00     0.00     0.00     0.00 -1 -2.94e-07      0.00 7.398e-01 2.581e-01 1.374e-04 7.017e-05 4.016e-04 -1.000 2.117e-03 -2.584 0.685 -0.524 -1.917 -2.645 -3.246 -4.112 -4.802 -4.895
0.0009 -1.23621 10.00000 0.8655238748 2.4396600723    0.540  2.968  3.6414  0.720    7  0.000  0.453     0.00     0.00     0.00     0.00     0.00 -1 -3.83e-07      0.00 7.397e-01 2.581e-01 1.367e-04 7.106e-05 4.016e-04 -1.000 2.154e-03 -2.649 0.464 -0.679 -2.038 -2.745 -3.330 -4.166 -4.828 -4.916
0.0009 -1.23621 10.00000 0.8655247688 2.4396603107    0.519  2.978  3.6475  0.717    7  0.000  0.452     0.00     0.00     0.00     0.00     0.00 -1 -4.22e-07      0.00 7.396e-01 2.582e-01 1.364e-04 7.153e-05 4.016e-04 -1.000 2.195e-03 -2.674 0.286 -0.789 -2.111 -2.799 -3.369 -4.177 -4.817 -4.901
0.0009 -1.23621 10.00000 1.0996706486 2.4916248322    0.547 -4.222  3.6519  7.957    9  0.547  0.000     0.00     0.00     0.00     0.00     0.00 -1    -1e-30      0.00 7.279e-01 2.712e-01 1.240e-04 9.916e-05 4.055e-04 -1.000 8.583e-04 15.324 17.534 16.859 15.850 15.150 14.587 13.873 13.345 13.207
#isochrone terminated