# File generated by CMD 3.4 (http://stev.oapd.inaf.it/cmd) on Tue May 25 08:11:42 CEST 2021
# isochrones based on PARSEC release v1.2S +  COLIBRI S_37 + S_35 + PR16
# Basic references: Bressan et al. (2012), MNRAS, 427, 127 + Chen et al. (2014, 2015), MNRAS, 444, 2525 + MNRAS, 452, 1068 + Tang et al. (2014), MNRAS, 445, 4287 + Marigo et al. (2017), ApJ, 835, 77 + Pastorelli al. (2019), MNRAS, 485, 5666 + Pastorelli al. (2020), MNRAS, in press
# Thermal pulse cycles included 
# On RGB, assumed Reimers mass loss with efficiency eta=0.2
# LPV periods and growth rates added cf. Trabucchi et al. (2019)
# Photometric system: <i>UBVRIJHK</i> (cf. Maiz-Apellaniz 2006 + Bessell 1990)
# Using YBC version of bolometric corrections as in Chen et al. (2019)
# O-rich circumstellar dpmod60alox40 dust from Groenewegen (2006)
# C-rich circumstellar AMCSIC15 dust from Groenewegen (2006)
# IMF: Kroupa (2001, 2002) + Kroupa et al. (2013) canonical two-part-power law IMF corrected for unresolved binaries 
# Kind of output: isochrone tables
# Zini     MH   logAge Mini        int_IMF         Mass   logL    logTe  logg  label   McoreTP C_O  period0  period1  period2  period3  period4  pmode  Mloss  tau1m   X   Y   Xc  Xn  Xo  Cexcess  Z 	 mbolmag  Umag    Bmag    Vmag    Rmag    Imag    Jmag    Hmag    Kmag
0.0007 -1.34568 10.00000 0.0900000036 1.0816895962    0.090 -3.198  3.4658  5.406    1  0.000  0.545     0.00     0.00     0.00     0.00     0.00 -1 -5.27e-17      0.00 7.478e-01 2.515e-01 1.335e-04 3.603e-05 3.268e-04 -1.000 7.427e-04 12.765 20.490 17.713 15.710 13.906 12.153 10.757 10.420 10.303
0.0007 -1.34568 10.00000 0.0983764902 1.1573997736    0.098 -2.968  3.4986  5.345    1  0.000  0.545     0.00     0.00     0.00     0.00     0.00 -1 -9.16e-17      0.00 7.466e-01 2.526e-01 1.335e-04 3.603e-05 3.268e-04 -1.000 7.427e-04 12.191 18.439 16.261 14.345 12.929 11.535 10.293 9.840 9.694
0.0007 -1.34568 10.00000 0.1000000089 1.1711064577    0.100 -2.926  3.5046  5.334    1  0.000  0.545     0.00     0.00     0.00     0.00     0.00 -1 -1.01e-16      0.00 7.464e-01 2.529e-01 1.335e-04 3.603e-05 3.268e-04 -1.000 7.427e-04 12.085 18.087 16.010 14.121 12.757 11.424 10.207 9.738 9.587
0.0007 -1.34568 10.00000 0.1200000048 1.3193155527    0.120 -2.642  3.5365  5.257    1  0.000  0.545     0.00     0.00     0.00     0.00     0.00 -1 -1.95e-16      0.00 7.444e-01 2.549e-01 1.335e-04 3.603e-05 3.268e-04 -1.000 7.427e-04 11.374 16.194 14.590 12.894 11.740 10.690 9.599 9.068 8.893
0.0007 -1.34568 10.00000 0.1400000155 1.4384528399    0.140 -2.461  3.5523  5.206    1  0.000  0.545     0.00     0.00     0.00     0.00     0.00 -1  -2.9e-16      0.00 7.429e-01 2.564e-01 1.335e-04 3.603e-05 3.268e-04 -1.000 7.427e-04 10.921 15.251 13.833 12.248 11.167 10.229 9.196 8.647 8.463
0.0007 -1.34568 10.00000 0.1599999964 1.5372931957    0.160 -2.321  3.5626  5.165    1  0.000  0.545     0.00     0.00     0.00     0.00     0.00 -1 -3.92e-16      0.00 7.417e-01 2.576e-01 1.335e-04 3.603e-05 3.268e-04 -1.000 7.426e-04 10.572 14.606 13.299 11.787 10.749 9.876 8.879 8.321 8.131
0.0007 -1.34568 10.00000 0.2000000179 1.6938792467    0.200 -2.101  3.5764  5.098    1  0.000  0.545     0.00     0.00     0.00     0.00     0.00 -1 -6.29e-16      0.00 7.404e-01 2.589e-01 1.335e-04 3.603e-05 3.268e-04 -1.000 7.427e-04 10.023 13.694 12.522 11.104 10.123 9.323 8.372 7.805 7.608
0.0007 -1.34568 10.00000 0.2500000298 1.8403259516    0.250 -1.896  3.5876  5.034    1  0.000  0.545     0.00     0.00     0.00     0.00     0.00 -1  -8.2e-16      0.00 7.401e-01 2.592e-01 1.335e-04 3.603e-05 3.268e-04 -1.000 7.427e-04 9.511 12.906 11.838 10.493 9.560 8.808 7.892 7.319 7.121
0.0007 -1.34568 10.00000 0.3000000715 1.9529141188    0.300 -1.739  3.5960  4.990    1  0.000  0.545     0.00     0.00     0.00     0.00     0.00 -1 -1.34e-15      0.00 7.402e-01 2.590e-01 1.335e-04 3.603e-05 3.268e-04 -1.000 7.427e-04 9.117 12.321 11.322 10.030 9.133 8.412 7.522 6.947 6.751
0.0007 -1.34568 10.00000 0.3500000238 2.0434176922    0.350 -1.612  3.6032  4.959    1  0.000  0.545     0.00     0.00     0.00     0.00     0.00 -1 -1.72e-15      0.00 7.442e-01 2.550e-01 1.335e-04 3.603e-05 3.268e-04 -1.000 7.427e-04 8.799 11.851 10.906 9.657 8.789 8.092 7.224 6.647 6.456
0.0007 -1.34568 10.00000 0.4000000358 2.1185026169    0.400 -1.467  3.6143  4.916    1  0.000  0.545     0.00     0.00     0.00     0.00     0.00 -1 -2.37e-15      0.00 7.496e-01 2.496e-01 1.335e-04 3.603e-05 3.268e-04 -1.000 7.427e-04 8.437 11.269 10.400 9.214 8.390 7.726 6.890 6.310 6.131
0.0007 -1.34568 10.00000 0.4500000477 2.1822810173    0.450 -1.293  3.6320  4.864    1  0.000  0.545     0.00     0.00     0.00     0.00     0.00 -1 -3.53e-15      0.00 7.497e-01 2.496e-01 1.335e-04 3.603e-05 3.268e-04 -1.000 7.427e-04 8.003 10.503 9.747 8.658 7.904 7.291 6.503 5.921 5.766
0.0007 -1.34568 10.00000 0.5000000000 2.2374541759    0.500 -1.097  3.6587  4.820    1  0.000  0.545     0.00     0.00     0.00     0.00     0.00 -1 -5.53e-15      0.00 7.497e-01 2.496e-01 1.335e-04 3.603e-05 3.268e-04 -1.000 7.426e-04 7.512 9.527 8.952 7.998 7.343 6.802 6.084 5.526 5.404
0.0007 -1.34568 10.00000 0.5500000715 2.2836585045    0.550 -0.886  3.6863  4.761    1  0.000  0.544     0.00     0.00     0.00     0.00     0.00 -1 -9.17e-15      0.00 7.785e-01 2.208e-01 1.192e-04 3.217e-05 2.919e-04 -1.000 6.932e-04 6.984 8.489 8.151 7.318 6.761 6.283 5.649 5.147 5.047
0.0007 -1.34568 10.00000 0.6000000238 2.3211214542    0.600 -0.686  3.7132  4.707    1  0.000  0.544     0.00     0.00     0.00     0.00     0.00 -1 -1.48e-14      0.00 7.870e-01 2.123e-01 1.153e-04 3.113e-05 2.825e-04 -1.000 6.530e-04 6.486 7.562 7.447 6.713 6.233 5.803 5.251 4.815 4.732
0.0007 -1.34568 10.00000 0.6035917401 2.3235392570    0.603 -0.672  3.7154  4.704    1  0.000  0.544     0.00     0.00     0.00     0.00     0.00 -1 -1.53e-14      0.00 7.877e-01 2.117e-01 1.150e-04 3.104e-05 2.818e-04 -1.000 6.692e-04 6.449 7.495 7.396 6.670 6.195 5.768 5.223 4.792 4.710
0.0007 -1.34568 10.00000 0.6173033714 2.3324720860    0.617 -0.615  3.7237  4.691    1  0.000  0.544     0.00     0.00     0.00     0.00     0.00 -1 -1.75e-14      0.00 7.903e-01 2.090e-01 1.137e-04 3.072e-05 2.788e-04 -1.000 6.291e-04 6.308 7.243 7.202 6.506 6.051 5.638 5.116 4.703 4.626
0.0007 -1.34568 10.00000 0.6332956553 2.3423309326    0.633 -0.550  3.7333  4.675    1  0.000  0.544     0.00     0.00     0.00     0.00     0.00 -1 -2.05e-14      0.00 7.936e-01 2.058e-01 1.122e-04 3.031e-05 2.752e-04 -1.000 6.604e-04 6.145 6.962 6.981 6.320 5.885 5.487 4.992 4.599 4.527
0.0007 -1.34568 10.00000 0.6480693221 2.3509430885    0.648 -0.489  3.7420  4.659    1  0.000  0.543     0.00     0.00     0.00     0.00     0.00 -1 -2.37e-14      0.00 7.968e-01 2.026e-01 1.107e-04 2.992e-05 2.718e-04 -1.000 5.964e-04 5.993 6.716 6.783 6.151 5.734 5.350 4.877 4.501 4.434
0.0007 -1.34568 10.00000 0.6499999762 2.3520355225    0.650 -0.481  3.7432  4.657    1  0.000  0.543     0.00     0.00     0.00     0.00     0.00 -1 -2.41e-14      0.00 7.972e-01 2.022e-01 1.106e-04 2.987e-05 2.713e-04 -1.000 6.444e-04 5.973 6.684 6.757 6.130 5.715 5.332 4.862 4.488 4.422
0.0007 -1.34568 10.00000 0.6536179781 2.3540623188    0.653 -0.466  3.7451  4.652    1  0.000  0.543     0.00     0.00     0.00     0.00     0.00 -1  -2.5e-14      0.00 7.981e-01 2.013e-01 1.101e-04 2.976e-05 2.702e-04 -1.000 6.301e-04 5.936 6.627 6.709 6.089 5.679 5.299 4.834 4.463 4.398
0.0007 -1.34568 10.00000 0.6692139506 2.3625116348    0.669 -0.402  3.7534  4.631    1  0.000  0.543     0.00     0.00     0.00     0.00     0.00 -1 -2.94e-14      0.00 8.024e-01 1.970e-01 1.082e-04 2.925e-05 2.657e-04 -1.000 5.998e-04 5.775 6.384 6.506 5.915 5.523 5.157 4.711 4.353 4.295
0.0007 -1.34568 10.00000 0.6837306619 2.3699793816    0.684 -0.341  3.7609  4.610    1  0.000  0.543     0.00     0.00     0.00     0.00     0.00 -1 -3.43e-14      0.00 8.067e-01 1.927e-01 1.063e-04 2.874e-05 2.611e-04 -1.000 5.941e-04 5.624 6.163 6.317 5.755 5.378 5.024 4.596 4.249 4.197
0.0007 -1.34568 10.00000 0.6975120902 2.3767390251    0.697 -0.283  3.7677  4.588    1  0.000  0.542     0.00     0.00     0.00     0.00     0.00 -1 -3.98e-14      0.00 8.110e-01 1.884e-01 1.043e-04 2.822e-05 2.564e-04 -1.000 5.941e-04 5.478 5.963 6.141 5.603 5.240 4.898 4.484 4.147 4.100
0.0007 -1.34568 10.00000 0.7000000477 2.3779268265    0.700 -0.273  3.7689  4.583    1  0.000  0.542     0.00     0.00     0.00     0.00     0.00 -1 -4.09e-14      0.00 8.118e-01 1.876e-01 1.039e-04 2.812e-05 2.555e-04 -1.000 5.942e-04 5.452 5.927 6.109 5.576 5.215 4.874 4.463 4.128 4.082
0.0007 -1.34568 10.00000 0.7095676661 2.3824052811    0.709 -0.231  3.7734  4.566    1  0.000  0.541     0.00     0.00     0.00     0.00     0.00 -1 -4.56e-14      0.00 8.158e-01 1.836e-01 1.019e-04 2.764e-05 2.513e-04 -1.000 5.906e-04 5.348 5.791 5.985 5.469 5.117 4.783 4.382 4.054 4.011
0.0007 -1.34568 10.00000 0.7192389965 2.3867933750    0.719 -0.189  3.7778  4.547    1  0.000  0.539     0.00     0.00     0.00     0.00     0.00 -1  -5.1e-14      0.00 8.201e-01 1.793e-01 9.972e-05 2.712e-05 2.467e-04 -1.000 5.677e-04 5.242 5.653 5.860 5.359 5.016 4.690 4.298 3.976 3.937
0.0007 -1.34568 10.00000 0.7284202576 2.3908352852    0.728 -0.147  3.7819  4.527    1  0.000  0.537     0.00     0.00     0.00     0.00     0.00 -1  -5.7e-14      0.00 8.245e-01 1.750e-01 9.758e-05 2.661e-05 2.422e-04 -1.000 5.147e-04 5.138 5.524 5.739 5.254 4.918 4.598 4.215 3.899 3.863
0.0007 -1.34568 10.00000 0.7407502532 2.3960826397    0.740 -0.090  3.7871  4.498    1  0.000  0.535     0.00     0.00     0.00     0.00     0.00 -1 -6.66e-14      0.00 8.304e-01 1.691e-01 9.465e-05 2.589e-05 2.359e-04 -1.000 4.975e-04 4.996 5.354 5.576 5.108 4.782 4.471 4.099 3.790 3.758
0.0007 -1.34568 10.00000 0.7500000000 2.3998889923    0.750 -0.046  3.7909  4.474    1  0.000  0.533     0.00     0.00     0.00     0.00     0.00 -1 -7.54e-14      0.00 8.350e-01 1.645e-01 9.237e-05 2.534e-05 2.310e-04 -1.000 4.941e-04 4.885 5.224 5.450 4.995 4.677 4.372 4.007 3.704 3.675
0.0007 -1.34568 10.00000 0.7567372918 2.4025943279    0.756 -0.013  3.7934  4.455    1  0.000  0.533     0.00     0.00     0.00     0.00     0.00 -1 -8.28e-14      0.00 8.378e-01 1.617e-01 9.115e-05 2.501e-05 2.281e-04 -1.000 4.991e-04 4.802 5.131 5.357 4.911 4.597 4.297 3.937 3.639 3.611
0.0007 -1.34568 10.00000 0.7684338093 2.4071614742    0.768  0.047  3.7977  4.419    1  0.000  0.532     0.00     0.00     0.00     0.00     0.00 -1 -9.83e-14      0.00 8.424e-01 1.571e-01 8.924e-05 2.451e-05 2.237e-04 -1.000 4.958e-04 4.652 4.962 5.189 4.757 4.452 4.159 3.809 3.518 3.493
0.0007 -1.34568 10.00000 0.7792904377 2.4112601280    0.779  0.107  3.8016  4.381    1  0.000  0.531     0.00     0.00     0.00     0.00     0.00 -1 -1.17e-13      0.00 8.462e-01 1.533e-01 8.768e-05 2.410e-05 2.201e-04 -1.000 4.942e-04 4.503 4.800 5.024 4.606 4.309 4.022 3.680 3.397 3.374
0.0007 -1.34568 10.00000 0.7889568806 2.4148001671    0.788  0.163  3.8050  4.344    1  0.000  0.531     0.00     0.00     0.00     0.00     0.00 -1 -1.38e-13      0.00 8.493e-01 1.502e-01 8.654e-05 2.380e-05 2.174e-04 -1.000 4.942e-04 4.362 4.650 4.869 4.462 4.171 3.890 3.556 3.279 3.258
0.0007 -1.34568 10.00000 0.7978631854 2.4179749489    0.797  0.219  3.8079  4.304    1  0.000  0.530     0.00     0.00     0.00     0.00     0.00 -1 -1.63e-13      0.00 8.518e-01 1.477e-01 8.567e-05 2.357e-05 2.154e-04 -1.000 4.942e-04 4.223 4.503 4.718 4.320 4.035 3.759 3.432 3.160 3.140
0.0007 -1.34568 10.00000 0.8000000715 2.4187245369    0.799  0.233  3.8085  4.294    1  0.000  0.530     0.00     0.00     0.00     0.00     0.00 -1  -1.7e-13      0.00 8.523e-01 1.472e-01 8.549e-05 2.352e-05 2.150e-04 -1.000 4.942e-04 4.188 4.467 4.680 4.284 4.001 3.726 3.400 3.130 3.110
0.0007 -1.34568 10.00000 0.8051833510 2.4205238819    0.804  0.267  3.8101  4.269    1  0.000  0.530     0.00     0.00     0.00     0.00     0.00 -1 -1.88e-13      0.00 8.524e-01 1.471e-01 8.563e-05 2.357e-05 2.155e-04 -1.000 4.971e-04 4.103 4.378 4.588 4.197 3.917 3.645 3.323 3.056 3.037
0.0007 -1.34568 10.00000 0.8143759370 2.4236502647    0.813  0.331  3.8124  4.219    1  0.000  0.529     0.00     0.00     0.00     0.00     0.00 -1  -2.3e-13      0.00 8.519e-01 1.475e-01 8.618e-05 2.373e-05 2.170e-04 -1.000 5.384e-04 3.943 4.215 4.416 4.033 3.758 3.491 3.173 2.912 2.894
0.0007 -1.34568 10.00000 0.8215788603 2.4260437489    0.820  0.386  3.8135  4.172    1  0.000  0.529     0.00     0.00     0.00     0.00     0.00 -1 -2.75e-13      0.00 8.502e-01 1.493e-01 8.721e-05 2.401e-05 2.196e-04 -1.000 5.456e-04 3.806 4.078 4.272 3.894 3.622 3.356 3.042 2.783 2.765
0.0007 -1.34568 10.00000 0.8217993975 2.4261162281    0.821  0.387  3.8135  4.171    1  0.000  0.529     0.00     0.00     0.00     0.00     0.00 -1 -2.77e-13      0.00 8.501e-01 1.494e-01 8.724e-05 2.402e-05 2.197e-04 -1.000 5.456e-04 3.802 4.074 4.268 3.890 3.617 3.352 3.038 2.779 2.761
0.0007 -1.34568 10.00000 0.8239926696 2.4268350601    0.823  0.406  3.8134  4.153    1  0.000  0.529     0.00     0.00     0.00     0.00     0.00 -1 -2.95e-13      0.00 8.495e-01 1.499e-01 8.758e-05 2.412e-05 2.205e-04 -1.000 5.456e-04 3.755 4.028 4.220 3.843 3.570 3.305 2.990 2.731 2.713
0.0007 -1.34568 10.00000 0.8302483559 2.4288613796    0.829  0.462  3.8121  4.094    1  0.000  0.529     0.00     0.00     0.00     0.00     0.00 -1 -3.56e-13      0.00 8.478e-01 1.516e-01 8.854e-05 2.438e-05 2.229e-04 -1.000 5.456e-04 3.614 3.893 4.081 3.701 3.427 3.160 2.842 2.581 2.563
0.0007 -1.34568 10.00000 0.8354896903 2.4305324554    0.834  0.516  3.8088  4.030    1  0.000  0.529     0.00     0.00     0.00     0.00     0.00 -1 -4.32e-13      0.00 8.464e-01 1.530e-01 8.934e-05 2.460e-05 2.249e-04 -1.000 5.456e-04 3.479 3.770 3.954 3.567 3.288 3.016 2.691 2.425 2.404
0.0007 -1.34568 10.00000 0.8363784552 2.4308133125    0.835  0.526  3.8080  4.018    1  0.000  0.529     0.00     0.00     0.00     0.00     0.00 -1 -4.51e-13      0.00 8.462e-01 1.532e-01 8.947e-05 2.464e-05 2.253e-04 -1.000 5.456e-04 3.455 3.749 3.932 3.543 3.262 2.989 2.662 2.394 2.374
0.0007 -1.34568 10.00000 0.8379804492 2.4313180447    0.836  0.546  3.8055  3.988    2  0.000  0.529     0.00     0.00     0.00     0.00     0.00 -1 -4.87e-13      0.00 8.458e-01 1.537e-01 8.972e-05 2.471e-05 2.259e-04 -1.000 5.456e-04 3.404 3.707 3.890 3.494 3.209 2.932 2.599 2.327 2.305
0.0007 -1.34568 10.00000 0.8411156535 2.4322993755    0.839  0.589  3.7988  3.921    2  0.000  0.529     0.00     0.00     0.00     0.00     0.00 -1 -5.78e-13      0.00 8.450e-01 1.545e-01 9.019e-05 2.484e-05 2.271e-04 -1.000 5.456e-04 3.298 3.625 3.806 3.392 3.095 2.808 2.460 2.175 2.150
0.0007 -1.34568 10.00000 0.8433650732 2.4329981804    0.842  0.623  3.7907  3.855    2  0.000  0.530     0.00     0.00     0.00     0.00     0.00 -1 -6.74e-13      0.00 8.433e-01 1.561e-01 9.120e-05 2.511e-05 2.296e-04 -1.000 5.396e-04 3.212 3.572 3.749 3.312 3.001 2.701 2.334 2.034 2.005
0.0007 -1.34568 10.00000 0.8450406194 2.4335160255    0.843  0.651  3.7816  3.791    2  0.000  0.530     0.00     0.00     0.00     0.00     0.00 -1 -7.73e-13      0.00 8.337e-01 1.657e-01 9.630e-05 2.649e-05 2.420e-04 -1.000 5.455e-04 3.143 3.546 3.717 3.251 2.923 2.608 2.220 1.903 1.869
0.0007 -1.34568 10.00000 0.8465982080 2.4339952469    0.845  0.677  3.7705  3.722    2  0.000  0.532     0.00     0.00     0.00     0.00     0.00 -1 -8.89e-13      0.00 8.102e-01 1.892e-01 1.071e-04 2.939e-05 2.680e-04 -1.000 5.660e-04 3.078 3.542 3.700 3.198 2.849 2.516 2.102 1.764 1.724
0.0007 -1.34568 10.00000 0.8477060795 2.4343347549    0.846  0.699  3.7612  3.664    2  0.000  0.535     0.00     0.00     0.00     0.00     0.00 -1 -9.98e-13      0.00 7.879e-01 2.114e-01 1.158e-04 3.172e-05 2.887e-04 -1.000 6.628e-04 3.024 3.547 3.689 3.155 2.789 2.441 2.005 1.650 1.603
0.0007 -1.34568 10.00000 0.8487174511 2.4346439838    0.847  0.727  3.7526  3.601    2  0.000  0.536     0.00     0.00     0.00     0.00     0.00 -1 -1.14e-12      0.00 7.755e-01 2.239e-01 1.208e-04 3.303e-05 3.004e-04 -1.000 6.748e-04 2.952 3.538 3.660 3.096 2.714 2.352 1.895 1.525 1.472
0.0007 -1.34568 10.00000 0.8495036364 2.4348835945    0.847  0.760  3.7467  3.544    2  0.000  0.536     0.00     0.00     0.00     0.00     0.00 -1 -1.32e-12      0.00 7.695e-01 2.298e-01 1.231e-04 3.366e-05 3.060e-04 -1.000 7.075e-04 2.869 3.500 3.607 3.023 2.629 2.258 1.787 1.405 1.349
0.0007 -1.34568 10.00000 0.8500000238 2.4350347519    0.848  0.786  3.7434  3.506    2  0.000  0.537     0.00     0.00     0.00     0.00     0.00 -1 -1.46e-12      0.00 7.668e-01 2.325e-01 1.242e-04 3.395e-05 3.086e-04 -1.000 7.060e-04 2.804 3.459 3.558 2.964 2.564 2.187 1.707 1.320 1.261
0.0007 -1.34568 10.00000 0.8500403166 2.4350471497    0.848  0.789  3.7431  3.502    2  0.000  0.537     0.00     0.00     0.00     0.00     0.00 -1 -1.47e-12      0.00 7.665e-01 2.328e-01 1.243e-04 3.397e-05 3.088e-04 -1.000 7.059e-04 2.799 3.456 3.554 2.959 2.559 2.181 1.701 1.313 1.254
0.0007 -1.34568 10.00000 0.8502585292 2.4351134300    0.848  0.801  3.7418  3.485    2  0.000  0.537     0.00     0.00     0.00     0.00     0.00 -1 -1.55e-12      0.00 7.655e-01 2.338e-01 1.247e-04 3.408e-05 3.098e-04 -1.000 6.909e-04 2.767 3.434 3.529 2.930 2.527 2.147 1.664 1.273 1.213
0.0007 -1.34568 10.00000 0.8506780863 2.4352409840    0.849  0.831  3.7399  3.448    3  0.000  0.537     0.00     0.00     0.00     0.00     0.00 -1 -1.73e-12      0.00 7.638e-01 2.355e-01 1.252e-04 3.423e-05 3.111e-04 -1.000 7.209e-04 2.694 3.377 3.466 2.860 2.454 2.071 1.582 1.187 1.126
0.0007 -1.34568 10.00000 0.8512128592 2.4354031086    0.849  0.870  3.7376  3.399    3  0.000  0.537     0.00     0.00     0.00     0.00     0.00 -1    -2e-12      0.00 7.617e-01 2.376e-01 1.259e-04 3.440e-05 3.126e-04 -1.000 7.212e-04 2.594 3.299 3.379 2.765 2.355 1.969 1.473 1.073 1.011
0.0007 -1.34568 10.00000 0.8517360687 2.4355616570    0.850  0.912  3.7356  3.349    3  0.000  0.537     0.00     0.00     0.00     0.00     0.00 -1 -2.33e-12      0.00 7.598e-01 2.395e-01 1.264e-04 3.454e-05 3.139e-04 -1.000 7.125e-04 2.489 3.213 3.284 2.664 2.250 1.861 1.359 0.953 0.891
0.0007 -1.34568 10.00000 0.8522355556 2.4357128143    0.850  0.956  3.7338  3.299    3  0.000  0.537     0.00     0.00     0.00     0.00     0.00 -1 -2.73e-12      0.00 7.580e-01 2.413e-01 1.268e-04 3.466e-05 3.149e-04 -1.000 7.287e-04 2.380 3.120 3.185 2.559 2.142 1.750 1.243 0.832 0.769
0.0007 -1.34568 10.00000 0.8527646065 2.4358725548    0.850  1.006  3.7320  3.242    3  0.000  0.537     0.00     0.00     0.00     0.00     0.00 -1 -3.27e-12      0.00 7.560e-01 2.433e-01 1.271e-04 3.478e-05 3.158e-04 -1.000 6.976e-04 2.256 3.013 3.071 2.439 2.019 1.624 1.111 0.696 0.632
0.0007 -1.34568 10.00000 0.8532032371 2.4360051155    0.851  1.050  3.7305  3.192    3  0.000  0.536     0.00     0.00     0.00     0.00     0.00 -1 -3.83e-12      0.00 7.543e-01 2.450e-01 1.271e-04 3.490e-05 3.165e-04 -1.000 6.840e-04 2.146 2.916 2.968 2.332 1.909 1.512 0.994 0.575 0.510
0.0007 -1.34568 10.00000 0.8536533713 2.4361407757    0.851  1.099  3.7289  3.137    3  0.000  0.534     0.00     0.00     0.00     0.00     0.00 -1 -4.57e-12      0.00 7.525e-01 2.468e-01 1.269e-04 3.515e-05 3.171e-04 -1.000 6.997e-04 2.024 2.809 2.855 2.213 1.788 1.388 0.866 0.442 0.377
0.0007 -1.34568 10.00000 0.8540616632 2.4362635612    0.852  1.146  3.7274  3.083    3  0.000  0.531     0.00     0.00     0.00     0.00     0.00 -1 -5.42e-12      0.00 7.508e-01 2.485e-01 1.263e-04 3.563e-05 3.176e-04 -1.000 7.155e-04 1.904 2.704 2.744 2.097 1.670 1.267 0.740 0.312 0.246
0.0007 -1.34568 10.00000 0.8544318676 2.4363749027    0.852  1.194  3.7259  3.030    3  0.000  0.527     0.00     0.00     0.00     0.00     0.00 -1 -6.42e-12      0.00 7.493e-01 2.500e-01 1.254e-04 3.642e-05 3.179e-04 -1.000 7.231e-04 1.786 2.601 2.635 1.983 1.553 1.148 0.616 0.183 0.117
0.0007 -1.34568 10.00000 0.8547748923 2.4364778996    0.852  1.241  3.7244  2.977    3  0.000  0.522     0.00     0.00     0.00     0.00     0.00 -1 -7.62e-12      0.00 7.480e-01 2.513e-01 1.244e-04 3.750e-05 3.182e-04 -1.000 6.983e-04 1.667 2.498 2.525 1.868 1.435 1.028 0.491 0.054 -0.012
0.0007 -1.34568 10.00000 0.8550859690 2.4365713596    0.852  1.288  3.7228  2.924    3  0.000  0.517     0.00     0.00     0.00     0.00     0.00 -1 -9.02e-12      0.00 7.469e-01 2.524e-01 1.232e-04 3.879e-05 3.184e-04 -1.000 7.077e-04 1.550 2.397 2.417 1.755 1.319 0.909 0.367 -0.074 -0.141
0.0007 -1.34568 10.00000 0.8553851247 2.4366610050    0.852  1.337  3.7211  2.868    3  0.000  0.512     0.00     0.00     0.00     0.00     0.00 -1 -1.08e-11      0.00 7.459e-01 2.534e-01 1.220e-04 4.016e-05 3.186e-04 -1.000 7.371e-04 1.428 2.292 2.304 1.636 1.198 0.785 0.237 -0.207 -0.275
0.0007 -1.34568 10.00000 0.8556395173 2.4367372990    0.853  1.382  3.7195  2.817    3  0.000  0.508     0.00     0.00     0.00     0.00     0.00 -1 -1.27e-11      0.00 7.451e-01 2.541e-01 1.211e-04 4.127e-05 3.188e-04 -1.000 7.319e-04 1.315 2.196 2.201 1.527 1.085 0.670 0.118 -0.331 -0.399
0.0007 -1.34568 10.00000 0.8558807373 2.4368095398    0.853  1.429  3.7178  2.763    3  0.000  0.504     0.00     0.00     0.00     0.00     0.00 -1  -1.5e-11      0.00 7.446e-01 2.547e-01 1.204e-04 4.214e-05 3.189e-04 -1.000 7.004e-04 1.199 2.100 2.096 1.415 0.971 0.552 -0.005 -0.459 -0.528
0.0007 -1.34568 10.00000 0.8561072946 2.4368774891    0.853  1.476  3.7160  2.709    3  0.000  0.502     0.00     0.00     0.00     0.00     0.00 -1 -1.78e-11      0.00 7.442e-01 2.551e-01 1.199e-04 4.281e-05 3.190e-04 -1.000 7.036e-04 1.079 2.001 1.988 1.301 0.853 0.431 -0.132 -0.591 -0.660
0.0007 -1.34568 10.00000 0.8563021421 2.4369356632    0.853  1.521  3.7143  2.657    3  0.000  0.501     0.00     0.00     0.00     0.00     0.00 -1  -2.1e-11      0.00 7.439e-01 2.553e-01 1.195e-04 4.325e-05 3.190e-04 -1.000 7.406e-04 0.968 1.908 1.888 1.194 0.743 0.318 -0.251 -0.714 -0.784
0.0007 -1.34568 10.00000 0.8564907312 2.4369921684    0.853  1.568  3.7124  2.603    3  0.000  0.500     0.00     0.00     0.00     0.00     0.00 -1 -2.49e-11      0.00 7.437e-01 2.555e-01 1.193e-04 4.350e-05 3.190e-04 -1.000 7.422e-04 0.850 1.811 1.783 1.082 0.627 0.199 -0.376 -0.845 -0.915
0.0007 -1.34568 10.00000 0.8566594124 2.4370424747    0.853  1.614  3.7106  2.549    3  0.000  0.499     0.00     0.00     0.00     0.00     0.00 -1 -2.94e-11      0.00 7.437e-01 2.556e-01 1.193e-04 4.357e-05 3.190e-04 -1.000 7.427e-04 0.736 1.717 1.681 0.972 0.514 0.083 -0.498 -0.972 -1.043
0.0007 -1.34568 10.00000 0.8568098545 2.4370875359    0.853  1.658  3.7087  2.498    3  0.000  0.499     0.00     0.00     0.00     0.00     0.00 -1 -3.46e-11      0.00 7.437e-01 2.556e-01 1.193e-04 4.359e-05 3.190e-04 -1.000 7.427e-04 0.625 1.628 1.583 0.867 0.406 -0.029 -0.616 -1.095 -1.167
0.0007 -1.34568 10.00000 0.8569532633 2.4371302128    0.853  1.704  3.7067  2.444    3  0.000  0.499     0.00     0.00     0.00     0.00     0.00 -1 -4.09e-11      0.00 7.437e-01 2.556e-01 1.193e-04 4.361e-05 3.191e-04 -1.000 7.427e-04 0.510 1.542 1.482 0.758 0.292 -0.146 -0.739 -1.223 -1.296
0.0007 -1.34568 10.00000 0.8570821881 2.4371688366    0.853  1.749  3.7048  2.391    3  0.000  0.499     0.00     0.00     0.00     0.00     0.00 -1 -4.82e-11      0.00 7.436e-01 2.556e-01 1.193e-04 4.362e-05 3.191e-04 -1.000 7.427e-04 0.397 1.458 1.385 0.651 0.181 -0.260 -0.859 -1.348 -1.422
0.0007 -1.34568 10.00000 0.8572003841 2.4372041225    0.852  1.794  3.7027  2.338    3  0.000  0.499     0.00     0.00     0.00     0.00     0.00 -1 -5.68e-11      0.00 7.436e-01 2.556e-01 1.192e-04 4.364e-05 3.191e-04 -1.000 7.427e-04 0.286 1.375 1.288 0.545 0.071 -0.374 -0.979 -1.473 -1.547
0.0007 -1.34568 10.00000 0.8573104143 2.4372367859    0.852  1.839  3.7007  2.285    3  0.000  0.499     0.00     0.00     0.00     0.00     0.00 -1 -6.69e-11      0.00 7.436e-01 2.556e-01 1.192e-04 4.365e-05 3.191e-04 -1.000 7.427e-04 0.174 1.293 1.192 0.439 -0.040 -0.489 -1.099 -1.599 -1.674
0.0007 -1.34568 10.00000 0.8574097157 2.4372665882    0.852  1.882  3.6986  2.233    3  0.000  0.499     0.00     0.00     0.00     0.00     0.00 -1 -7.86e-11      0.00 7.436e-01 2.556e-01 1.192e-04 4.367e-05 3.191e-04 -1.000 7.427e-04 0.065 1.215 1.100 0.337 -0.147 -0.599 -1.216 -1.721 -1.797
0.0007 -1.34568 10.00000 0.8575029969 2.4372942448    0.852  1.926  3.6965  2.180    3  0.000  0.499     0.00     0.00     0.00     0.00     0.00 -1 -9.23e-11      0.00 7.436e-01 2.556e-01 1.192e-04 4.368e-05 3.191e-04 -1.000 7.427e-04 -0.044 1.139 1.008 0.235 -0.253 -0.710 -1.334 -1.844 -1.921
0.0007 -1.34568 10.00000 0.8575929403 2.4373211861    0.852  1.970  3.6943  2.127    3  0.000  0.499     0.00     0.00     0.00     0.00     0.00 -1 -1.09e-10      0.00 7.436e-01 2.556e-01 1.192e-04 4.369e-05 3.191e-04 -1.000 7.427e-04 -0.155 1.062 0.916 0.132 -0.361 -0.822 -1.453 -1.969 -2.046
0.0007 -1.34568 10.00000 0.8576789498 2.4373466969    0.851  2.011  3.6922  2.078    3  0.000  0.499     0.00     0.00     0.00     0.00     0.00 -1 -1.26e-10      0.00 7.436e-01 2.556e-01 1.192e-04 4.370e-05 3.191e-04 -1.000 7.428e-04 -0.257 0.992 0.831 0.037 -0.461 -0.925 -1.563 -2.085 -2.163
0.0007 -1.34568 10.00000 0.8577873707 2.4373791218    0.851  2.047  3.6905  2.035    3  0.000  0.499     0.00     0.00     0.00     0.00     0.00 -1 -1.45e-10      0.00 7.436e-01 2.557e-01 1.192e-04 4.371e-05 3.191e-04 -1.000 7.427e-04 -0.348 0.927 0.755 -0.048 -0.550 -1.018 -1.661 -2.188 -2.266
0.0007 -1.34568 10.00000 0.8578224182 2.4373893738    0.851  2.036  3.6913  2.049    3  0.000  0.499     0.00     0.00     0.00     0.00     0.00 -1  -1.4e-10      0.00 7.436e-01 2.557e-01 1.192e-04 4.372e-05 3.191e-04 -1.000 7.428e-04 -0.320 0.943 0.776 -0.023 -0.523 -0.989 -1.630 -2.155 -2.233
0.0007 -1.34568 10.00000 0.8578662872 2.4374024868    0.850  2.020  3.6923  2.069    3  0.000  0.499     0.00     0.00     0.00     0.00     0.00 -1 -1.32e-10      0.00 7.436e-01 2.557e-01 1.192e-04 4.372e-05 3.191e-04 -1.000 7.427e-04 -0.281 0.967 0.806 0.013 -0.485 -0.949 -1.586 -2.108 -2.186
0.0007 -1.34568 10.00000 0.8578981757 2.4374120235    0.850  2.042  3.6913  2.043    3  0.000  0.499     0.00     0.00     0.00     0.00     0.00 -1 -1.42e-10      0.00 7.436e-01 2.557e-01 1.192e-04 4.373e-05 3.191e-04 -1.000 7.428e-04 -0.334 0.930 0.762 -0.037 -0.537 -1.003 -1.644 -2.169 -2.247
0.0007 -1.34568 10.00000 0.8579604030 2.4374306202    0.850  2.084  3.6890  1.991    3  0.000  0.499     0.00     0.00     0.00     0.00     0.00 -1 -1.66e-10      0.00 7.436e-01 2.557e-01 1.192e-04 4.374e-05 3.191e-04 -1.000 7.427e-04 -0.441 0.861 0.676 -0.134 -0.640 -1.111 -1.759 -2.290 -2.369
0.0007 -1.34568 10.00000 0.8580175638 2.4374475479    0.850  2.125  3.6868  1.941    3  0.000  0.499     0.00     0.00     0.00     0.00     0.00 -1 -1.93e-10      0.00 7.436e-01 2.557e-01 1.192e-04 4.374e-05 3.191e-04 -1.000 7.427e-04 -0.543 0.801 0.595 -0.227 -0.739 -1.214 -1.870 -2.409 -2.488
0.0007 -1.34568 10.00000 0.8580722213 2.4374637604    0.849  2.167  3.6845  1.890    3  0.000  0.499     0.00     0.00     0.00     0.00     0.00 -1 -2.25e-10      0.00 7.436e-01 2.557e-01 1.192e-04 4.375e-05 3.191e-04 -1.000 7.427e-04 -0.648 0.755 0.517 -0.326 -0.844 -1.322 -1.986 -2.532 -2.610
0.0007 -1.34568 10.00000 0.8581208587 2.4374783039    0.849  2.207  3.6822  1.840    3  0.000  0.499     0.00     0.00     0.00     0.00     0.00 -1 -2.62e-10      0.00 7.436e-01 2.557e-01 1.192e-04 4.376e-05 3.191e-04 -1.000 7.427e-04 -0.749 0.717 0.445 -0.419 -0.943 -1.425 -2.097 -2.649 -2.727
0.0007 -1.34568 10.00000 0.8581668735 2.4374921322    0.848  2.248  3.6799  1.790    3  0.000  0.499     0.00     0.00     0.00     0.00     0.00 -1 -3.05e-10      0.00 7.436e-01 2.557e-01 1.192e-04 4.376e-05 3.191e-04 -1.000 7.427e-04 -0.850 0.679 0.373 -0.513 -1.044 -1.530 -2.209 -2.768 -2.845
0.0007 -1.34568 10.00000 0.8582078815 2.4375042915    0.848  2.287  3.6776  1.742    3  0.000  0.499     0.00     0.00     0.00     0.00     0.00 -1 -3.53e-10      0.00 7.436e-01 2.557e-01 1.192e-04 4.377e-05 3.191e-04 -1.000 7.427e-04 -0.948 0.649 0.307 -0.601 -1.140 -1.629 -2.316 -2.882 -2.958
0.0007 -1.34568 10.00000 0.8582463264 2.4375157356    0.847  2.326  3.6753  1.693    3  0.000  0.499     0.00     0.00     0.00     0.00     0.00 -1 -4.08e-10      0.00 7.436e-01 2.557e-01 1.192e-04 4.377e-05 3.191e-04 -1.000 7.427e-04 -1.046 0.620 0.241 -0.689 -1.236 -1.730 -2.424 -2.996 -3.072
0.0007 -1.34568 10.00000 0.8582818508 2.4375262260    0.847  2.365  3.6729  1.644    3  0.000  0.499     0.00     0.00     0.00     0.00     0.00 -1 -4.72e-10      0.00 7.436e-01 2.557e-01 1.191e-04 4.378e-05 3.191e-04 -1.000 7.427e-04 -1.143 0.596 0.178 -0.776 -1.331 -1.829 -2.532 -3.109 -3.185
0.0007 -1.34568 10.00000 0.8583151102 2.4375362396    0.846  2.404  3.6705  1.596    3  0.000  0.499     0.00     0.00     0.00     0.00     0.00 -1 -5.46e-10      0.00 7.436e-01 2.557e-01 1.191e-04 4.378e-05 3.191e-04 -1.000 7.427e-04 -1.240 0.576 0.118 -0.863 -1.426 -1.928 -2.639 -3.223 -3.299
0.0007 -1.34568 10.00000 0.8583520651 2.4375472069    0.845  2.451  3.6676  1.537    3  0.000  0.499     0.00     0.00     0.00     0.00     0.00 -1 -6.51e-10      0.00 7.436e-01 2.557e-01 1.191e-04 4.379e-05 3.191e-04 -1.000 7.428e-04 -1.357 0.559 0.049 -0.964 -1.538 -2.046 -2.768 -3.360 -3.435
0.0007 -1.34568 10.00000 0.8583804369 2.4375555515    0.844  2.489  3.6651  1.488    3  0.000  0.499     0.00     0.00     0.00     0.00     0.00 -1 -7.52e-10      0.00 7.436e-01 2.557e-01 1.191e-04 4.379e-05 3.191e-04 -1.000 7.427e-04 -1.453 0.522 -0.015 -1.045 -1.626 -2.141 -2.872 -3.472 -3.549
0.0007 -1.34568 10.00000 0.8584122658 2.4375650883    0.843  2.536  3.6622  1.429    3  0.000  0.499     0.00     0.00     0.00     0.00     0.00 -1 -8.97e-10      0.00 7.436e-01 2.557e-01 1.191e-04 4.379e-05 3.191e-04 -1.000 7.427e-04 -1.569 0.519 -0.078 -1.144 -1.737 -2.258 -3.000 -3.608 -3.685
0.0007 -1.34568 10.00000 0.8584414721 2.4375736713    0.842  2.582  3.6591  1.370    3  0.000  0.499     0.00     0.00     0.00     0.00     0.00 -1 -1.07e-09      0.00 7.436e-01 2.557e-01 1.191e-04 4.380e-05 3.191e-04 -1.000 7.427e-04 -1.684 0.529 -0.133 -1.239 -1.846 -2.374 -3.128 -3.744 -3.821
0.0007 -1.34568 10.00000 0.8584686518 2.4375817776    0.841  2.628  3.6560  1.311    3  0.000  0.499     0.00     0.00     0.00     0.00     0.00 -1 -1.27e-09      0.00 7.436e-01 2.557e-01 1.191e-04 4.380e-05 3.191e-04 -1.000 7.426e-04 -1.800 0.528 -0.193 -1.332 -1.952 -2.489 -3.255 -3.880 -3.958
0.0007 -1.34568 10.00000 0.8584929109 2.4375889301    0.840  2.673  3.6530  1.253    3  0.000  0.499     0.00     0.00     0.00     0.00     0.00 -1 -1.51e-09      0.00 7.436e-01 2.557e-01 1.191e-04 4.380e-05 3.191e-04 -1.000 7.427e-04 -1.912 0.518 -0.253 -1.421 -2.053 -2.598 -3.377 -4.012 -4.092
0.0007 -1.34568 10.00000 0.8585154414 2.4375956059    0.838  2.717  3.6498  1.195    3  0.000  0.499     0.00     0.00     0.00     0.00     0.00 -1 -1.79e-09      0.00 7.436e-01 2.557e-01 1.191e-04 4.381e-05 3.191e-04 -1.000 7.426e-04 -2.024 0.514 -0.310 -1.508 -2.153 -2.707 -3.499 -4.144 -4.225
0.0007 -1.34568 10.00000 0.8585367799 2.4376020432    0.837  2.763  3.6466  1.136    3  0.000  0.499     0.00     0.00     0.00     0.00     0.00 -1 -2.13e-09      0.00 7.436e-01 2.557e-01 1.191e-04 4.381e-05 3.191e-04 -1.000 7.427e-04 -2.138 0.510 -0.370 -1.597 -2.255 -2.817 -3.623 -4.278 -4.362
0.0007 -1.34568 10.00000 0.8585551977 2.4376075268    0.835  2.806  3.6436  1.080    3  0.000  0.499     0.00     0.00     0.00     0.00     0.00 -1 -2.51e-09      0.00 7.436e-01 2.557e-01 1.191e-04 4.381e-05 3.191e-04 -1.000 7.428e-04 -2.245 0.510 -0.422 -1.678 -2.348 -2.919 -3.738 -4.403 -4.489
0.0007 -1.34568 10.00000 0.8585726619 2.4376127720    0.833  2.849  3.6404  1.023    3  0.000  0.498     0.00     0.00     0.00     0.00     0.00 -1 -2.96e-09      0.00 7.436e-01 2.557e-01 1.191e-04 4.381e-05 3.191e-04 -1.000 7.427e-04 -2.353 0.516 -0.473 -1.759 -2.443 -3.022 -3.856 -4.532 -4.619
0.0007 -1.34568 10.00000 0.8585890532 2.4376175404    0.831  2.892  3.6373  0.966    3  0.000  0.498     0.00     0.00     0.00     0.00     0.00 -1  -3.5e-09      0.00 7.436e-01 2.557e-01 1.191e-04 4.382e-05 3.191e-04 -1.000 7.428e-04 -2.461 0.533 -0.518 -1.836 -2.535 -3.125 -3.973 -4.660 -4.749
0.0007 -1.34568 10.00000 0.8586037755 2.4376220703    0.829  2.934  3.6342  0.911    3  0.000  0.498     0.00     0.00     0.00     0.00     0.00 -1 -4.11e-09      0.00 7.436e-01 2.557e-01 1.191e-04 4.382e-05 3.191e-04 -1.000 7.427e-04 -2.566 0.559 -0.556 -1.909 -2.624 -3.224 -4.087 -4.783 -4.875
0.0007 -1.34568 10.00000 0.8586174846 2.4376261234    0.826  2.976  3.6310  0.855    3  0.000  0.498     0.00     0.00     0.00     0.00     0.00 -1 -4.84e-09      0.00 7.436e-01 2.557e-01 1.191e-04 4.382e-05 3.191e-04 -1.000 7.427e-04 -2.670 0.591 -0.590 -1.979 -2.710 -3.322 -4.200 -4.907 -5.002
0.0007 -1.34568 10.00000 0.8586307764 2.4376299381    0.823  3.019  3.6278  0.798    3  0.000  0.498     0.00     0.00     0.00     0.00     0.00 -1 -5.71e-09      0.00 7.436e-01 2.557e-01 1.191e-04 4.382e-05 3.191e-04 -1.000 7.427e-04 -2.777 0.621 -0.627 -2.051 -2.799 -3.422 -4.316 -5.034 -5.131
0.0007 -1.34568 10.00000 0.8586426377 2.4376335144    0.820  3.060  3.6248  0.743    3  0.000  0.498     0.00     0.00     0.00     0.00     0.00 -1  -6.7e-09      0.00 7.435e-01 2.557e-01 1.191e-04 4.382e-05 3.191e-04 -1.000 7.427e-04 -2.880 0.651 -0.661 -2.118 -2.883 -3.517 -4.426 -5.155 -5.255
0.0007 -1.34568 10.00000 0.8586538434 2.4376368523    0.817  3.101  3.6215  0.687    3  0.000  0.498     0.00     0.00     0.00     0.00     0.00 -1 -7.87e-09      0.00 7.435e-01 2.557e-01 1.191e-04 4.382e-05 3.191e-04 -1.000 7.427e-04 -2.983 0.689 -0.691 -2.184 -2.967 -3.612 -4.537 -5.278 -5.380
0.0007 -1.34568 10.00000 0.8586645126 2.4376399517    0.814  3.143  3.6184  0.631    3  0.000  0.498     0.00     0.00     0.00     0.00     0.00 -1 -9.27e-09      0.00 7.435e-01 2.557e-01 1.191e-04 4.382e-05 3.191e-04 -1.000 7.428e-04 -3.087 0.726 -0.722 -2.250 -3.051 -3.708 -4.649 -5.401 -5.506
0.0007 -1.34568 10.00000 0.8586744070 2.4376430511    0.810  3.184  3.6152  0.575    3  0.000  0.498     0.00     0.00     0.00     0.00     0.00 -1 -1.09e-08      0.00 7.435e-01 2.557e-01 1.191e-04 4.383e-05 3.191e-04 -1.000 7.427e-04 -3.190 0.767 -0.749 -2.312 -3.132 -3.801 -4.759 -5.522 -5.630
0.0007 -1.34568 10.00000 0.8586837053 2.4376456738    0.805  3.225  3.6120  0.519    3  0.000  0.498     0.00     0.00     0.00     0.00     0.00 -1 -1.28e-08      0.00 7.435e-01 2.557e-01 1.191e-04 4.383e-05 3.191e-04 -1.000 7.427e-04 -3.292 0.811 -0.774 -2.373 -3.212 -3.894 -4.868 -5.642 -5.754
0.0007 -1.34568 10.00000 0.8586925268 2.4376482964    0.800  3.265  3.6089  0.464    3  0.000  0.498     0.00     0.00     0.00     0.00     0.00 -1  -1.5e-08      0.00 7.435e-01 2.557e-01 1.191e-04 4.383e-05 3.191e-04 -1.000 7.427e-04 -3.393 0.860 -0.791 -2.429 -3.289 -3.985 -4.976 -5.761 -5.877
0.0007 -1.34568 10.00000 0.8587008715 2.4376509190    0.795  3.304  3.6060  0.411    3  0.000  0.498     0.00     0.00     0.00     0.00     0.00 -1 -1.75e-08      0.00 7.435e-01 2.557e-01 1.191e-04 4.383e-05 3.191e-04 -1.000 7.427e-04 -3.489 0.913 -0.801 -2.478 -3.359 -4.070 -5.079 -5.874 -5.993
0.0007 -1.34568 10.00000 0.8587028384 2.4376513958    0.793  3.312  3.6053  0.399    3  0.000  0.498     0.00     0.00     0.00     0.00     0.00 -1 -1.82e-08      0.00 7.435e-01 2.557e-01 1.191e-04 4.383e-05 3.191e-04 -1.000 7.427e-04 -3.510 0.925 -0.803 -2.488 -3.375 -4.089 -5.101 -5.899 -6.018
0.0007 -1.34568 10.00000 0.8587028384 2.4376513958    0.793  1.758  3.7451  2.512    4  0.000  0.520     0.00     0.00     0.00     0.00     0.00 -1    -1e-30      0.00 7.409e-01 2.584e-01 1.260e-04 3.880e-05 3.235e-04 -1.000 7.427e-04 0.375 1.036 1.092 0.525 0.137 -0.233 -0.718 -1.110 -1.163
0.0007 -1.34568 10.00000 0.8587602377 2.4376685619    0.793  1.775  3.7437  2.489    4  0.000  0.520     0.00     0.00     0.00     0.00     0.00 -1    -1e-30      0.00 7.409e-01 2.584e-01 1.260e-04 3.880e-05 3.235e-04 -1.000 7.427e-04 0.333 1.004 1.057 0.485 0.095 -0.277 -0.766 -1.161 -1.215
0.0007 -1.34568 10.00000 0.8588193655 2.4376859665    0.793  1.778  3.7435  2.485    4  0.000  0.520     0.00     0.00     0.00     0.00     0.00 -1    -1e-30      0.00 7.409e-01 2.584e-01 1.260e-04 3.880e-05 3.235e-04 -1.000 7.427e-04 0.324 0.997 1.049 0.477 0.086 -0.287 -0.776 -1.172 -1.225
0.0007 -1.34568 10.00000 0.8588777781 2.4377033710    0.793  1.780  3.7435  2.483    4  0.000  0.520     0.00     0.00     0.00     0.00     0.00 -1    -1e-30      0.00 7.409e-01 2.584e-01 1.260e-04 3.880e-05 3.235e-04 -1.000 7.427e-04 0.320 0.993 1.045 0.472 0.082 -0.291 -0.780 -1.176 -1.229
0.0007 -1.34568 10.00000 0.8589383364 2.4377214909    0.793  1.781  3.7438  2.484    4  0.000  0.520     0.00     0.00     0.00     0.00     0.00 -1    -1e-30      0.00 7.409e-01 2.584e-01 1.260e-04 3.881e-05 3.235e-04 -1.000 7.427e-04 0.317 0.988 1.040 0.469 0.079 -0.293 -0.781 -1.176 -1.230
0.0007 -1.34568 10.00000 0.8589981198 2.4377391338    0.793  1.781  3.7443  2.485    4  0.000  0.520     0.00     0.00     0.00     0.00     0.00 -1    -1e-30      0.00 7.409e-01 2.584e-01 1.260e-04 3.881e-05 3.235e-04 -1.000 7.427e-04 0.316 0.984 1.037 0.467 0.078 -0.293 -0.780 -1.174 -1.227
0.0007 -1.34568 10.00000 0.8590201139 2.4377455711    0.793  1.781  3.7445  2.486    4  0.000  0.520     0.00     0.00     0.00     0.00     0.00 -1    -1e-30      0.00 7.409e-01 2.584e-01 1.260e-04 3.881e-05 3.235e-04 -1.000 7.427e-04 0.317 0.983 1.036 0.467 0.079 -0.293 -0.779 -1.172 -1.225
0.0007 -1.34568 10.00000 0.8590669632 2.4377596378    0.793  1.781  3.7450  2.488    4  0.000  0.520     0.00     0.00     0.00     0.00     0.00 -1    -1e-30      0.00 7.409e-01 2.584e-01 1.260e-04 3.881e-05 3.235e-04 -1.000 7.427e-04 0.317 0.980 1.033 0.466 0.079 -0.291 -0.776 -1.169 -1.221
0.0007 -1.34568 10.00000 0.8591316938 2.4377787113    0.793  1.781  3.7457  2.492    4  0.000  0.520     0.00     0.00     0.00     0.00     0.00 -1    -1e-30      0.00 7.409e-01 2.584e-01 1.260e-04 3.881e-05 3.235e-04 -1.000 7.427e-04 0.319 0.977 1.031 0.466 0.080 -0.289 -0.772 -1.162 -1.215
0.0007 -1.34568 10.00000 0.8591982126 2.4377985001    0.794  1.780  3.7466  2.496    4  0.000  0.520     0.00     0.00     0.00     0.00     0.00 -1    -1e-30      0.00 7.409e-01 2.584e-01 1.260e-04 3.881e-05 3.235e-04 -1.000 7.428e-04 0.321 0.973 1.028 0.467 0.082 -0.285 -0.766 -1.155 -1.207
0.0007 -1.34568 10.00000 0.8592608571 2.4378170967    0.794  1.779  3.7473  2.500    4  0.000  0.520     0.00     0.00     0.00     0.00     0.00 -1    -1e-30      0.00 7.409e-01 2.584e-01 1.260e-04 3.882e-05 3.235e-04 -1.000 7.426e-04 0.323 0.970 1.025 0.467 0.084 -0.282 -0.761 -1.148 -1.199
0.0007 -1.34568 10.00000 0.8593289256 2.4378373623    0.794  1.778  3.7482  2.504    4  0.000  0.520     0.00     0.00     0.00     0.00     0.00 -1    -1e-30      0.00 7.409e-01 2.584e-01 1.260e-04 3.882e-05 3.235e-04 -1.000 7.427e-04 0.325 0.966 1.022 0.467 0.086 -0.279 -0.755 -1.141 -1.191
0.0007 -1.34568 10.00000 0.8593890667 2.4378552437    0.794  1.777  3.7488  2.508    4  0.000  0.520     0.00     0.00     0.00     0.00     0.00 -1    -1e-30      0.00 7.409e-01 2.584e-01 1.260e-04 3.882e-05 3.235e-04 -1.000 7.427e-04 0.326 0.963 1.020 0.467 0.087 -0.276 -0.751 -1.134 -1.185
0.0007 -1.34568 10.00000 0.8594554067 2.4378747940    0.794  1.777  3.7496  2.511    4  0.000  0.520     0.00     0.00     0.00     0.00     0.00 -1    -1e-30      0.00 7.409e-01 2.584e-01 1.260e-04 3.882e-05 3.235e-04 -1.000 7.427e-04 0.328 0.960 1.017 0.467 0.088 -0.274 -0.746 -1.128 -1.178
0.0007 -1.34568 10.00000 0.8595197797 2.4378938675    0.794  1.776  3.7502  2.514    4  0.000  0.520     0.00     0.00     0.00     0.00     0.00 -1    -1e-30      0.00 7.409e-01 2.584e-01 1.260e-04 3.883e-05 3.235e-04 -1.000 7.427e-04 0.329 0.956 1.014 0.467 0.089 -0.272 -0.742 -1.123 -1.172
0.0007 -1.34568 10.00000 0.8595836163 2.4379129410    0.794  1.776  3.7508  2.517    4  0.000  0.520     0.00     0.00     0.00     0.00     0.00 -1    -1e-30      0.00 7.409e-01 2.584e-01 1.260e-04 3.883e-05 3.235e-04 -1.000 7.428e-04 0.330 0.954 1.012 0.466 0.090 -0.270 -0.739 -1.119 -1.168
0.0007 -1.34568 10.00000 0.8595982194 2.4379172325    0.794  1.776  3.7509  2.517    4  0.000  0.520     0.00     0.00     0.00     0.00     0.00 -1    -1e-30      0.00 7.409e-01 2.584e-01 1.260e-04 3.883e-05 3.235e-04 -1.000 7.427e-04 0.330 0.953 1.011 0.466 0.090 -0.270 -0.739 -1.118 -1.167
0.0007 -1.34568 10.00000 0.8596474528 2.4379317760    0.794  1.776  3.7512  2.519    4  0.000  0.520     0.00     0.00     0.00     0.00     0.00 -1    -1e-30      0.00 7.409e-01 2.584e-01 1.260e-04 3.883e-05 3.235e-04 -1.000 7.427e-04 0.330 0.951 1.009 0.465 0.090 -0.269 -0.737 -1.115 -1.164
0.0007 -1.34568 10.00000 0.8597156405 2.4379520416    0.794  1.776  3.7516  2.520    4  0.000  0.520     0.00     0.00     0.00     0.00     0.00 -1    -1e-30      0.00 7.409e-01 2.584e-01 1.260e-04 3.883e-05 3.235e-04 -1.000 7.427e-04 0.329 0.949 1.006 0.464 0.090 -0.269 -0.736 -1.114 -1.162
0.0007 -1.34568 10.00000 0.8597826362 2.4379718304    0.794  1.777  3.7518  2.520    4  0.000  0.520     0.00     0.00     0.00     0.00     0.00 -1    -1e-30      0.00 7.409e-01 2.584e-01 1.260e-04 3.884e-05 3.235e-04 -1.000 7.427e-04 0.328 0.946 1.004 0.462 0.088 -0.270 -0.736 -1.113 -1.162
0.0007 -1.34568 10.00000 0.8598453403 2.4379904270    0.794  1.778  3.7518  2.520    4  0.000  0.520     0.00     0.00     0.00     0.00     0.00 -1    -1e-30      0.00 7.409e-01 2.584e-01 1.260e-04 3.884e-05 3.235e-04 -1.000 7.427e-04 0.326 0.944 1.002 0.460 0.086 -0.272 -0.738 -1.115 -1.164
0.0007 -1.34568 10.00000 0.8599087000 2.4380092621    0.794  1.779  3.7518  2.518    4  0.000  0.520     0.00     0.00     0.00     0.00     0.00 -1    -1e-30      0.00 7.409e-01 2.584e-01 1.260e-04 3.884e-05 3.235e-04 -1.000 7.426e-04 0.323 0.942 0.999 0.458 0.084 -0.275 -0.741 -1.118 -1.167
0.0007 -1.34568 10.00000 0.8599726558 2.4380280972    0.794  1.780  3.7515  2.516    4  0.000  0.520     0.00     0.00     0.00     0.00     0.00 -1    -1e-30      0.00 7.409e-01 2.584e-01 1.260e-04 3.884e-05 3.235e-04 -1.000 7.427e-04 0.320 0.940 0.997 0.454 0.080 -0.279 -0.746 -1.124 -1.172
0.0007 -1.34568 10.00000 0.8600398898 2.4380481243    0.794  1.782  3.7511  2.512    4  0.000  0.520     0.00     0.00     0.00     0.00     0.00 -1    -1e-30      0.00 7.409e-01 2.584e-01 1.260e-04 3.885e-05 3.235e-04 -1.000 7.426e-04 0.315 0.937 0.995 0.450 0.075 -0.285 -0.753 -1.131 -1.180
0.0007 -1.34568 10.00000 0.8600638509 2.4380550385    0.794  1.783  3.7509  2.511    4  0.000  0.520     0.00     0.00     0.00     0.00     0.00 -1    -1e-30      0.00 7.408e-01 2.584e-01 1.259e-04 3.885e-05 3.235e-04 -1.000 7.427e-04 0.313 0.936 0.993 0.449 0.073 -0.287 -0.756 -1.134 -1.184
0.0007 -1.34568 10.00000 0.8600812554 2.4380602837    0.795  1.784  3.7508  2.510    4  0.000  0.520     0.00     0.00     0.00     0.00     0.00 -1    -1e-30      0.00 7.408e-01 2.584e-01 1.259e-04 3.885e-05 3.235e-04 -1.000 7.427e-04 0.311 0.935 0.993 0.447 0.071 -0.289 -0.758 -1.137 -1.186
0.0007 -1.34568 10.00000 0.8601399660 2.4380776882    0.795  1.786  3.7502  2.505    4  0.000  0.520     0.00     0.00     0.00     0.00     0.00 -1    -1e-30      0.00 7.408e-01 2.584e-01 1.259e-04 3.885e-05 3.235e-04 -1.000 7.427e-04 0.305 0.933 0.990 0.443 0.066 -0.295 -0.766 -1.147 -1.196
0.0007 -1.34568 10.00000 0.8602017760 2.4380960464    0.795  1.789  3.7496  2.500    4  0.000  0.520     0.00     0.00     0.00     0.00     0.00 -1    -1e-30      0.00 7.408e-01 2.584e-01 1.259e-04 3.885e-05 3.235e-04 -1.000 7.426e-04 0.298 0.930 0.987 0.437 0.059 -0.304 -0.776 -1.158 -1.208
0.0007 -1.34568 10.00000 0.8602603078 2.4381132126    0.795  1.792  3.7488  2.493    4  0.000  0.520     0.00     0.00     0.00     0.00     0.00 -1    -1e-30      0.00 7.408e-01 2.584e-01 1.259e-04 3.885e-05 3.235e-04 -1.000 7.426e-04 0.290 0.928 0.983 0.431 0.051 -0.313 -0.787 -1.171 -1.221
0.0007 -1.34568 10.00000 0.8603196740 2.4381308556    0.795  1.796  3.7480  2.487    4  0.000  0.520     0.00     0.00     0.00     0.00     0.00 -1    -1e-30      0.00 7.408e-01 2.584e-01 1.259e-04 3.886e-05 3.235e-04 -1.000 7.428e-04 0.281 0.925 0.979 0.423 0.042 -0.323 -0.800 -1.185 -1.236
0.0007 -1.34568 10.00000 0.8603769541 2.4381477833    0.795  1.799  3.7471  2.479    4  0.000  0.520     0.00     0.00     0.00     0.00     0.00 -1    -1e-30      0.00 7.408e-01 2.584e-01 1.259e-04 3.886e-05 3.235e-04 -1.000 7.427e-04 0.272 0.922 0.975 0.416 0.033 -0.334 -0.813 -1.201 -1.252
0.0007 -1.34568 10.00000 0.8604347110 2.4381649494    0.795  1.803  3.7463  2.472    4  0.000  0.520     0.00     0.00     0.00     0.00     0.00 -1    -1e-30      0.00 7.408e-01 2.584e-01 1.259e-04 3.886e-05 3.235e-04 -1.000 7.426e-04 0.262 0.918 0.970 0.407 0.023 -0.345 -0.827 -1.216 -1.268
0.0007 -1.34568 10.00000 0.8604931831 2.4381821156    0.795  1.809  3.7450  2.461    4  0.000  0.520     0.00     0.00     0.00     0.00     0.00 -1    -1e-30      0.00 7.408e-01 2.584e-01 1.259e-04 3.886e-05 3.235e-04 -1.000 7.427e-04 0.247 0.913 0.963 0.396 0.009 -0.362 -0.846 -1.238 -1.291
0.0007 -1.34568 10.00000 0.8605515361 2.4381995201    0.795  1.816  3.7435  2.449    4  0.000  0.520     0.00     0.00     0.00     0.00     0.00 -1    -1e-30      0.00 7.408e-01 2.584e-01 1.259e-04 3.887e-05 3.235e-04 -1.000 7.427e-04 0.231 0.907 0.954 0.382 -0.008 -0.381 -0.869 -1.264 -1.318
0.0007 -1.34568 10.00000 0.8606146574 2.4382181168    0.795  1.825  3.7418  2.433    4  0.000  0.520     0.00     0.00     0.00     0.00     0.00 -1    -1e-30      0.00 7.408e-01 2.584e-01 1.259e-04 3.887e-05 3.235e-04 -1.000 7.426e-04 0.209 0.897 0.942 0.364 -0.030 -0.406 -0.899 -1.298 -1.352
0.0007 -1.34568 10.00000 0.8606729507 2.4382352829    0.795  1.825  3.7416  2.432    4  0.000  0.520     0.00     0.00     0.00     0.00     0.00 -1    -1e-30      0.00 7.408e-01 2.584e-01 1.259e-04 3.887e-05 3.235e-04 -1.000 7.426e-04 0.207 0.897 0.942 0.363 -0.031 -0.407 -0.901 -1.301 -1.355
0.0007 -1.34568 10.00000 0.8607305884 2.4382524490    0.795  1.838  3.7393  2.410    4  0.000  0.520     0.00     0.00     0.00     0.00     0.00 -1    -1e-30      0.00 7.408e-01 2.584e-01 1.259e-04 3.887e-05 3.235e-04 -1.000 7.427e-04 0.176 0.884 0.924 0.336 -0.062 -0.442 -0.942 -1.347 -1.403
0.0007 -1.34568 10.00000 0.8607903123 2.4382700920    0.795  1.857  3.7361  2.378    4  0.000  0.520     0.00     0.00     0.00     0.00     0.00 -1    -1e-30      0.00 7.408e-01 2.584e-01 1.259e-04 3.887e-05 3.235e-04 -1.000 7.427e-04 0.128 0.867 0.896 0.295 -0.110 -0.495 -1.004 -1.416 -1.473
0.0007 -1.34568 10.00000 0.8608446121 2.4382860661    0.795  1.891  3.7310  2.324    4  0.000  0.520     0.00     0.00     0.00     0.00     0.00 -1    -1e-30      0.00 7.408e-01 2.584e-01 1.259e-04 3.888e-05 3.235e-04 -1.000 7.427e-04 0.043 0.830 0.843 0.221 -0.194 -0.589 -1.111 -1.534 -1.594
0.0007 -1.34568 10.00000 0.8608709574 2.4382939339    0.795  1.927  3.7261  2.268    4  0.000  0.520     0.00     0.00     0.00     0.00     0.00 -1    -1e-30      0.00 7.408e-01 2.584e-01 1.259e-04 3.888e-05 3.235e-04 -1.000 7.427e-04 -0.047 0.791 0.785 0.142 -0.283 -0.685 -1.221 -1.656 -1.718
0.0007 -1.34568 10.00000 0.8608825803 2.4382972717    0.795  1.963  3.7216  2.214    4  0.000  0.520     0.00     0.00     0.00     0.00     0.00 -1    -1e-30      0.00 7.408e-01 2.584e-01 1.259e-04 3.888e-05 3.235e-04 -1.000 7.427e-04 -0.138 0.749 0.724 0.063 -0.372 -0.782 -1.330 -1.776 -1.840
0.0007 -1.34568 10.00000 0.8608877063 2.4382987022    0.795  1.999  3.7174  2.161    4  0.000  0.520     0.00     0.00     0.00     0.00     0.00 -1    -1e-30      0.00 7.408e-01 2.584e-01 1.259e-04 3.888e-05 3.235e-04 -1.000 7.427e-04 -0.227 0.708 0.664 -0.016 -0.459 -0.877 -1.437 -1.893 -1.959
0.0007 -1.34568 10.00000 0.8608900905 2.4382994175    0.795  2.031  3.7140  2.115    4  0.000  0.520     0.00     0.00     0.00     0.00     0.00 -1    -1e-30      0.00 7.408e-01 2.584e-01 1.259e-04 3.888e-05 3.235e-04 -1.000 7.426e-04 -0.308 0.669 0.608 -0.088 -0.538 -0.962 -1.532 -1.997 -2.064
0.0007 -1.34568 10.00000 0.8608914614 2.4382998943    0.795  2.061  3.7109  2.073    4  0.000  0.520     0.00     0.00     0.00     0.00     0.00 -1    -1e-30      0.00 7.408e-01 2.584e-01 1.259e-04 3.888e-05 3.235e-04 -1.000 7.427e-04 -0.384 0.630 0.555 -0.155 -0.612 -1.041 -1.620 -2.092 -2.161
0.0007 -1.34568 10.00000 0.8608915806 2.4382998943    0.795  2.065  3.7106  2.068    4  0.000  0.520     0.00     0.00     0.00     0.00     0.00 -1 -1.11e-29      0.00 7.408e-01 2.584e-01 1.259e-04 3.888e-05 3.235e-04 -1.000 8.183e-04 -0.392 0.626 0.549 -0.162 -0.620 -1.050 -1.630 -2.102 -2.171
0.0007 -1.34568 10.00000 0.8608916402 2.4382998943    0.795  2.065  3.7106  2.068    7  0.000  0.520     0.00     0.00     0.00     0.00     0.00 -1 -8.67e-10      0.00 7.408e-01 2.569e-01 1.259e-04 3.888e-05 3.235e-04 -1.000 2.316e-03 -0.393 0.625 0.548 -0.163 -0.621 -1.051 -1.631 -2.104 -2.173
0.0007 -1.34568 10.00000 0.8608918190 2.4382998943    0.795  2.071  3.7100  2.060    7  0.000  0.520     0.00     0.00     0.00     0.00     0.00 -1 -8.98e-10      0.00 7.408e-01 2.569e-01 1.259e-04 3.888e-05 3.235e-04 -1.000 2.316e-03 -0.408 0.617 0.538 -0.176 -0.635 -1.066 -1.648 -2.122 -2.191
0.0007 -1.34568 10.00000 0.8608930707 2.4383003712    0.795  2.112  3.7064  2.004    7  0.000  0.520     0.00     0.00     0.00     0.00     0.00 -1 -1.16e-09      0.00 7.408e-01 2.569e-01 1.259e-04 3.888e-05 3.235e-04 -1.000 2.316e-03 -0.510 0.563 0.464 -0.267 -0.734 -1.171 -1.764 -2.247 -2.318
0.0007 -1.34568 10.00000 0.8608942032 2.4383006096    0.795  2.148  3.7035  1.957    7  0.000  0.520     0.00     0.00     0.00     0.00     0.00 -1 -1.43e-09      0.00 7.408e-01 2.569e-01 1.259e-04 3.888e-05 3.235e-04 -1.000 2.316e-03 -0.599 0.518 0.399 -0.347 -0.821 -1.264 -1.866 -2.357 -2.429
0.0007 -1.34568 10.00000 0.8608952761 2.4383010864    0.795  2.172  3.7016  1.925    7  0.000  0.520     0.00     0.00     0.00     0.00     0.00 -1 -1.64e-09      0.00 7.408e-01 2.569e-01 1.259e-04 3.888e-05 3.235e-04 -1.000 2.316e-03 -0.659 0.487 0.355 -0.401 -0.879 -1.326 -1.934 -2.430 -2.502
0.0007 -1.34568 10.00000 0.8608963490 2.4383013248    0.795  2.187  3.7004  1.905    7  0.000  0.520     0.00     0.00     0.00     0.00     0.00 -1  -1.8e-09      0.00 7.408e-01 2.569e-01 1.259e-04 3.888e-05 3.235e-04 -1.000 2.316e-03 -0.697 0.467 0.327 -0.435 -0.916 -1.365 -1.976 -2.476 -2.549
0.0007 -1.34568 10.00000 0.8608992100 2.4383022785    0.795  2.188  3.7004  1.904    7  0.000  0.520     0.00     0.00     0.00     0.00     0.00 -1 -1.82e-09      0.00 7.408e-01 2.569e-01 1.259e-04 3.888e-05 3.235e-04 -1.000 2.316e-03 -0.701 0.463 0.323 -0.439 -0.920 -1.369 -1.980 -2.480 -2.553
0.0007 -1.34568 10.00000 0.8609015942 2.4383029938    0.795  2.172  3.7017  1.926    7  0.000  0.520     0.00     0.00     0.00     0.00     0.00 -1 -1.65e-09      0.00 7.408e-01 2.569e-01 1.259e-04 3.888e-05 3.235e-04 -1.000 2.316e-03 -0.659 0.486 0.354 -0.401 -0.879 -1.325 -1.933 -2.429 -2.501
0.0007 -1.34568 10.00000 0.8609091640 2.4383051395    0.794  2.153  3.7031  1.949    7  0.000  0.520     0.00     0.00     0.00     0.00     0.00 -1 -1.49e-09      0.00 7.408e-01 2.569e-01 1.259e-04 3.888e-05 3.235e-04 -1.000 2.316e-03 -0.613 0.510 0.388 -0.360 -0.835 -1.278 -1.881 -2.374 -2.446
0.0007 -1.34568 10.00000 0.8609414101 2.4383146763    0.793  2.178  3.7009  1.915    7  0.000  0.520     0.00     0.00     0.00     0.00     0.00 -1 -1.72e-09      0.00 7.408e-01 2.569e-01 1.259e-04 3.888e-05 3.235e-04 -1.000 2.316e-03 -0.675 0.481 0.345 -0.414 -0.894 -1.342 -1.952 -2.450 -2.523
0.0007 -1.34568 10.00000 0.8609603643 2.4383201599    0.791  2.213  3.6980  1.867    7  0.000  0.520     0.00     0.00     0.00     0.00     0.00 -1 -2.14e-09      0.00 7.408e-01 2.569e-01 1.259e-04 3.888e-05 3.235e-04 -1.000 2.315e-03 -0.763 0.440 0.282 -0.493 -0.979 -1.433 -2.052 -2.559 -2.632
0.0007 -1.34568 10.00000 0.8609815836 2.4383265972    0.789  2.255  3.6945  1.810    7  0.000  0.520     0.00     0.00     0.00     0.00     0.00 -1 -2.76e-09      0.00 7.408e-01 2.569e-01 1.259e-04 3.888e-05 3.235e-04 -1.000 2.315e-03 -0.868 0.392 0.208 -0.585 -1.080 -1.540 -2.171 -2.687 -2.762
0.0007 -1.34568 10.00000 0.8610018492 2.4383325577    0.787  2.302  3.6907  1.747    7  0.000  0.520     0.00     0.00     0.00     0.00     0.00 -1 -3.62e-09      0.00 7.408e-01 2.569e-01 1.259e-04 3.888e-05 3.235e-04 -1.000 2.315e-03 -0.985 0.340 0.126 -0.687 -1.192 -1.660 -2.303 -2.831 -2.907
0.0007 -1.34568 10.00000 0.8610199690 2.4383378029    0.784  2.349  3.6870  1.683    7  0.000  0.520     0.00     0.00     0.00     0.00     0.00 -1  -4.8e-09      0.00 7.408e-01 2.569e-01 1.259e-04 3.888e-05 3.235e-04 -1.000 2.315e-03 -1.102 0.290 0.046 -0.789 -1.303 -1.778 -2.435 -2.974 -3.051
0.0007 -1.34568 10.00000 0.8610358834 2.4383425713    0.781  2.391  3.6837  1.626    7  0.000  0.520     0.00     0.00     0.00     0.00     0.00 -1 -6.17e-09      0.00 7.408e-01 2.569e-01 1.259e-04 3.888e-05 3.235e-04 -1.000 2.315e-03 -1.207 0.293 -0.012 -0.885 -1.410 -1.890 -2.557 -3.104 -3.180
0.0007 -1.34568 10.00000 0.8610499501 2.4383466244    0.777  2.431  3.6806  1.572    7  0.000  0.519     0.00     0.00     0.00     0.00     0.00 -1 -7.82e-09      0.00 7.408e-01 2.569e-01 1.259e-04 3.889e-05 3.235e-04 -1.000 2.263e-03 -1.307 0.288 -0.069 -0.975 -1.510 -1.994 -2.671 -3.227 -3.301
0.0007 -1.34568 10.00000 0.8610623479 2.4383504391    0.773  2.470  3.6775  1.518    7  0.000  0.519     0.00     0.00     0.00     0.00     0.00 -1 -9.92e-09      0.00 7.408e-01 2.570e-01 1.258e-04 3.890e-05 3.235e-04 -1.000 2.226e-03 -1.405 0.286 -0.121 -1.060 -1.606 -2.096 -2.782 -3.346 -3.419
0.0007 -1.34568 10.00000 0.8610735536 2.4383537769    0.769  2.508  3.6745  1.466    7  0.000  0.518     0.00     0.00     0.00     0.00     0.00 -1 -1.25e-08      0.00 7.408e-01 2.570e-01 1.256e-04 3.898e-05 3.235e-04 -1.000 2.185e-03 -1.501 0.230 -0.190 -1.137 -1.690 -2.188 -2.886 -3.460 -3.536
0.0007 -1.34568 10.00000 0.8610836267 2.4383566380    0.763  2.546  3.6716  1.413    7  0.000  0.515     0.00     0.00     0.00     0.00     0.00 -1 -1.57e-08      0.00 7.408e-01 2.570e-01 1.250e-04 3.938e-05 3.235e-04 -1.000 2.164e-03 -1.595 0.234 -0.237 -1.217 -1.781 -2.285 -2.994 -3.575 -3.651
0.0007 -1.34568 10.00000 0.8610906601 2.4383587837    0.759  2.574  3.6678  1.367    7  0.000  0.511     0.00     0.00     0.00     0.00     0.00 -1 -1.89e-08      0.00 7.408e-01 2.571e-01 1.241e-04 4.017e-05 3.235e-04 -1.000 2.121e-03 -1.666 0.289 -0.247 -1.268 -1.846 -2.358 -3.080 -3.671 -3.747
0.0007 -1.34568 10.00000 0.8610993028 2.4383611679    0.752  2.612  3.6605  1.297    7  0.000  0.504     0.00     0.00     0.00     0.00     0.00 -1  -2.4e-08      0.00 7.407e-01 2.572e-01 1.224e-04 4.202e-05 3.235e-04 -1.000 2.082e-03 -1.759 0.452 -0.215 -1.320 -1.926 -2.453 -3.201 -3.812 -3.888
0.0007 -1.34568 10.00000 0.8611074686 2.4383637905    0.744  2.650  3.6569  1.240    7  0.000  0.495     0.00     0.00     0.00     0.00     0.00 -1 -3.05e-08      0.00 7.407e-01 2.572e-01 1.204e-04 4.447e-05 3.235e-04 -1.000 2.065e-03 -1.854 0.496 -0.243 -1.389 -2.011 -2.547 -3.310 -3.930 -4.008
0.0007 -1.34568 10.00000 0.8611151576 2.4383659363    0.734  2.688  3.6538  1.183    7  0.000  0.487     0.00     0.00     0.00     0.00     0.00 -1 -3.88e-08      0.00 7.407e-01 2.573e-01 1.185e-04 4.685e-05 3.235e-04 -1.000 1.996e-03 -1.949 0.507 -0.284 -1.460 -2.094 -2.639 -3.415 -4.045 -4.124
0.0007 -1.34568 10.00000 0.8611226082 2.4383680820    0.722  2.725  3.6507  1.126    7  0.000  0.480     0.00     0.00     0.00     0.00     0.00 -1    -5e-08      0.00 7.406e-01 2.574e-01 1.167e-04 4.900e-05 3.235e-04 -1.000 2.014e-03 -2.044 0.517 -0.325 -1.531 -2.178 -2.731 -3.520 -4.160 -4.241
0.0007 -1.34568 10.00000 0.8611297607 2.4383702278    0.707  2.763  3.6476  1.067    7  0.000  0.473     0.00     0.00     0.00     0.00     0.00 -1  -6.5e-08      0.00 7.405e-01 2.575e-01 1.152e-04 5.088e-05 3.235e-04 -1.000 2.006e-03 -2.137 0.534 -0.364 -1.599 -2.259 -2.820 -3.623 -4.273 -4.356
0.0007 -1.34568 10.00000 0.8611362576 2.4383721352    0.689  2.799  3.6446  1.008    7  0.000  0.468     0.00     0.00     0.00     0.00     0.00 -1 -8.45e-08      0.00 7.405e-01 2.575e-01 1.140e-04 5.243e-05 3.235e-04 -1.000 1.985e-03 -2.226 0.554 -0.398 -1.663 -2.335 -2.905 -3.721 -4.381 -4.466
0.0007 -1.34568 10.00000 0.8611426353 2.4383740425    0.666  2.836  3.6416  0.944    7  0.000  0.463     0.00     0.00     0.00     0.00     0.00 -1 -1.14e-07      0.00 7.404e-01 2.577e-01 1.127e-04 5.393e-05 3.235e-04 -1.000 1.964e-03 -2.320 0.589 -0.428 -1.728 -2.415 -2.995 -3.824 -4.494 -4.580
0.0007 -1.34568 10.00000 0.8611484766 2.4383757114    0.636  2.873  3.6393  0.878    7  0.000  0.459     0.00     0.00     0.00     0.00     0.00 -1 -1.58e-07      0.00 7.403e-01 2.578e-01 1.117e-04 5.520e-05 3.235e-04 -1.000 1.945e-03 -2.411 0.616 -0.460 -1.793 -2.495 -3.084 -3.925 -4.601 -4.689
0.0007 -1.34568 10.00000 0.8611531258 2.4383771420    0.605  2.906  3.6387  0.820    7  0.000  0.455     0.00     0.00     0.00     0.00     0.00 -1 -2.17e-07      0.00 7.402e-01 2.579e-01 1.109e-04 5.622e-05 3.234e-04 -1.000 1.927e-03 -2.495 0.601 -0.512 -1.865 -2.575 -3.168 -4.013 -4.689 -4.778
0.0007 -1.34568 10.00000 0.8611567616 2.4383783340    0.573  2.936  3.6409  0.776    7  0.000  0.453     0.00     0.00     0.00     0.00     0.00 -1 -2.93e-07      0.00 7.401e-01 2.579e-01 1.102e-04 5.704e-05 3.234e-04 -1.000 1.925e-03 -2.570 0.509 -0.601 -1.954 -2.661 -3.250 -4.085 -4.752 -4.839
0.0007 -1.34568 10.00000 0.8611593246 2.4383790493    0.543  2.960  3.6468  0.752    7  0.000  0.451     0.00     0.00     0.00     0.00     0.00 -1  -3.8e-07      0.00 7.401e-01 2.580e-01 1.097e-04 5.767e-05 3.233e-04 -1.000 1.937e-03 -2.630 0.320 -0.737 -2.058 -2.749 -3.324 -4.134 -4.778 -4.861
0.0007 -1.34568 10.00000 0.8611602187 2.4383792877    0.517  2.969  3.6551  0.754    7  0.000  0.449     0.00     0.00     0.00     0.00     0.00 -1 -4.14e-07      0.00 7.400e-01 2.580e-01 1.094e-04 5.814e-05 3.232e-04 -1.000 1.973e-03 -2.653 0.091 -0.876 -2.143 -2.807 -3.363 -4.137 -4.752 -4.830
0.0007 -1.34568 10.00000 1.1144309044 2.4940702915    0.550 -4.254  3.6444  7.962    9  0.550  0.000     0.00     0.00     0.00     0.00     0.00 -1    -1e-30      0.00 7.284e-01 2.710e-01 9.823e-05 8.212e-05 3.252e-04 -1.000 6.491e-04 15.406 17.711 17.014 15.972 15.251 14.669 13.935 13.408 13.259
#isochrone terminated