# File generated by CMD 3.4 (http://stev.oapd.inaf.it/cmd) on Tue May 25 08:10:37 CEST 2021
# isochrones based on PARSEC release v1.2S +  COLIBRI S_37 + S_35 + PR16
# Basic references: Bressan et al. (2012), MNRAS, 427, 127 + Chen et al. (2014, 2015), MNRAS, 444, 2525 + MNRAS, 452, 1068 + Tang et al. (2014), MNRAS, 445, 4287 + Marigo et al. (2017), ApJ, 835, 77 + Pastorelli al. (2019), MNRAS, 485, 5666 + Pastorelli al. (2020), MNRAS, in press
# Thermal pulse cycles included 
# On RGB, assumed Reimers mass loss with efficiency eta=0.2
# LPV periods and growth rates added cf. Trabucchi et al. (2019)
# Photometric system: <i>UBVRIJHK</i> (cf. Maiz-Apellaniz 2006 + Bessell 1990)
# Using YBC version of bolometric corrections as in Chen et al. (2019)
# O-rich circumstellar dpmod60alox40 dust from Groenewegen (2006)
# C-rich circumstellar AMCSIC15 dust from Groenewegen (2006)
# IMF: Kroupa (2001, 2002) + Kroupa et al. (2013) canonical two-part-power law IMF corrected for unresolved binaries 
# Kind of output: isochrone tables
# Zini     MH   logAge Mini        int_IMF         Mass   logL    logTe  logg  label   McoreTP C_O  period0  period1  period2  period3  period4  pmode  Mloss  tau1m   X   Y   Xc  Xn  Xo  Cexcess  Z 	 mbolmag  Umag    Bmag    Vmag    Rmag    Imag    Jmag    Hmag    Kmag
0.009 -0.22295 10.00000 0.0900000036 1.0816895962    0.090 -3.378  3.3826  5.253    1  0.000  0.545     0.00     0.00     0.00     0.00     0.00 -1 -4.15e-17      0.00 7.245e-01 2.664e-01 1.628e-03 4.393e-04 3.984e-03 -1.000 9.056e-03 13.216 22.543 19.836 17.943 15.724 13.457 11.119 10.563 10.302
0.009 -0.22295 10.00000 0.1000000015 1.1711064577    0.100 -3.181  3.4113  5.216    1  0.000  0.545     0.00     0.00     0.00     0.00     0.00 -1 -6.47e-17      0.00 7.240e-01 2.670e-01 1.628e-03 4.393e-04 3.984e-03 -1.000 9.056e-03 12.722 21.982 19.313 17.430 15.225 12.965 10.628 10.071 9.806
0.009 -0.22295 10.00000 0.1200000048 1.3193155527    0.120 -2.915  3.4446  5.163    1  0.000  0.545     0.00     0.00     0.00     0.00     0.00 -1 -1.16e-16      0.00 7.230e-01 2.680e-01 1.628e-03 4.393e-04 3.984e-03 -1.000 9.056e-03 12.058 19.839 17.630 15.863 14.014 11.996 10.037 9.463 9.184
0.009 -0.22295 10.00000 0.1400000006 1.4384527206    0.140 -2.733  3.4638  5.124    1  0.000  0.545     0.00     0.00     0.00     0.00     0.00 -1 -1.71e-16      0.00 7.221e-01 2.688e-01 1.628e-03 4.393e-04 3.984e-03 -1.000 9.056e-03 11.602 18.479 16.529 14.828 13.200 11.365 9.631 9.047 8.768
0.009 -0.22295 10.00000 0.1460597366 1.4702475071    0.146 -2.687  3.4682  5.114    1  0.000  0.545     0.00     0.00     0.00     0.00     0.00 -1 -1.87e-16      0.00 7.219e-01 2.691e-01 1.628e-03 4.393e-04 3.984e-03 -1.000 9.056e-03 11.488 18.179 16.281 14.595 13.012 11.217 9.528 8.943 8.665
0.009 -0.22295 10.00000 0.1599999964 1.5372931957    0.160 -2.590  3.4775  5.093    1  0.000  0.545     0.00     0.00     0.00     0.00     0.00 -1  -2.3e-16      0.00 7.213e-01 2.696e-01 1.628e-03 4.393e-04 3.984e-03 -1.000 9.056e-03 11.244 17.550 15.757 14.100 12.611 10.905 9.308 8.720 8.444
0.009 -0.22295 10.00000 0.1768723577 1.6089427471    0.177 -2.490  3.4857  5.071    1  0.000  0.545     0.00     0.00     0.00     0.00     0.00 -1 -2.82e-16      0.00 7.207e-01 2.702e-01 1.628e-03 4.393e-04 3.984e-03 -1.000 9.056e-03 10.996 16.972 15.268 13.632 12.221 10.601 9.083 8.492 8.220
0.009 -0.22295 10.00000 0.2000000030 1.6938791275    0.200 -2.369  3.4959  5.043    1  0.000  0.545     0.00     0.00     0.00     0.00     0.00 -1 -3.62e-16      0.00 7.200e-01 2.709e-01 1.628e-03 4.393e-04 3.984e-03 -1.000 9.056e-03 10.691 16.305 14.697 13.089 11.760 10.240 8.806 8.213 7.945
0.009 -0.22295 10.00000 0.2212826461 1.7614612579    0.221 -2.274  3.5025  5.018    1  0.000  0.545     0.00     0.00     0.00     0.00     0.00 -1  -4.4e-16      0.00 7.197e-01 2.713e-01 1.628e-03 4.393e-04 3.984e-03 -1.000 9.056e-03 10.454 15.851 14.299 12.712 11.432 9.970 8.585 7.990 7.726
0.009 -0.22295 10.00000 0.2500000000 1.8403258324    0.250 -2.159  3.5105  4.989    1  0.000  0.545     0.00     0.00     0.00     0.00     0.00 -1 -5.58e-16      0.00 7.192e-01 2.717e-01 1.628e-03 4.393e-04 3.984e-03 -1.000 9.056e-03 10.167 15.325 13.832 12.270 11.042 9.649 8.318 7.721 7.462
0.009 -0.22295 10.00000 0.3000000119 1.9529139996    0.300 -1.992  3.5209  4.943    1  0.000  0.545     0.00     0.00     0.00     0.00     0.00 -1 -7.87e-16      0.00 7.189e-01 2.720e-01 1.628e-03 4.393e-04 3.984e-03 -1.000 9.056e-03 9.751 14.637 13.207 11.676 10.505 9.196 7.930 7.327 7.076
0.009 -0.22295 10.00000 0.3500000238 2.0434176922    0.350 -1.847  3.5296  4.899    1  0.000  0.545     0.00     0.00     0.00     0.00     0.00 -1 -1.05e-15      0.00 7.256e-01 2.654e-01 1.628e-03 4.393e-04 3.984e-03 -1.000 9.056e-03 9.387 14.074 12.685 11.181 10.052 8.805 7.587 6.979 6.734
0.009 -0.22295 10.00000 0.4000000358 2.1185026169    0.400 -1.697  3.5407  4.852    1  0.000  0.545     0.00     0.00     0.00     0.00     0.00 -1 -1.49e-15      0.00 7.257e-01 2.652e-01 1.628e-03 4.393e-04 3.984e-03 -1.000 9.056e-03 9.013 13.484 12.131 10.660 9.575 8.404 7.243 6.626 6.390
0.009 -0.22295 10.00000 0.4500000179 2.1822810173    0.450 -1.538  3.5544  4.798    1  0.000  0.545     0.00     0.00     0.00     0.00     0.00 -1 -2.17e-15      0.00 7.257e-01 2.652e-01 1.628e-03 4.393e-04 3.984e-03 -1.000 9.056e-03 8.614 12.859 11.533 10.094 9.057 7.978 6.880 6.253 6.026
0.009 -0.22295 10.00000 0.4969203770 2.2342667580    0.497 -1.376  3.5712  4.748    1  0.000  0.545     0.00     0.00     0.00     0.00     0.00 -1 -3.17e-15      0.00 7.258e-01 2.652e-01 1.628e-03 4.393e-04 3.984e-03 -1.000 9.056e-03 8.211 12.218 10.908 9.500 8.513 7.549 6.525 5.885 5.671
0.009 -0.22295 10.00000 0.5000000000 2.2374541759    0.500 -1.366  3.5723  4.744    1  0.000  0.545     0.00     0.00     0.00     0.00     0.00 -1 -3.25e-15      0.00 7.258e-01 2.652e-01 1.628e-03 4.393e-04 3.984e-03 -1.000 9.056e-03 8.186 12.180 10.870 9.464 8.480 7.522 6.503 5.862 5.649
0.009 -0.22295 10.00000 0.5071583986 2.2447140217    0.507 -1.338  3.5758  4.736    1  0.000  0.545     0.00     0.00     0.00     0.00     0.00 -1 -3.48e-15      0.00 7.295e-01 2.616e-01 1.608e-03 4.338e-04 3.935e-03 -1.000 8.943e-03 8.114 12.063 10.756 9.358 8.382 7.447 6.441 5.798 5.589
0.009 -0.22295 10.00000 0.5500000119 2.2836582661    0.550 -1.176  3.5956  4.688    1  0.000  0.544     0.00     0.00     0.00     0.00     0.00 -1 -5.12e-15      0.00 7.502e-01 2.415e-01 1.494e-03 4.032e-04 3.658e-03 -1.000 8.305e-03 7.709 11.415 10.119 8.769 7.843 7.025 6.089 5.427 5.245
0.009 -0.22295 10.00000 0.5616773367 2.2930958271    0.561 -1.131  3.6025  4.680    1  0.000  0.544     0.00     0.00     0.00     0.00     0.00 -1 -5.67e-15      0.00 7.510e-01 2.407e-01 1.489e-03 4.020e-04 3.648e-03 -1.000 8.282e-03 7.598 11.224 9.930 8.600 7.692 6.909 5.994 5.326 5.155
0.009 -0.22295 10.00000 0.6000000238 2.3211214542    0.600 -0.990  3.6242  4.655    1  0.000  0.544     0.00     0.00     0.00     0.00     0.00 -1 -7.79e-15      0.00 7.538e-01 2.380e-01 1.475e-03 3.982e-04 3.614e-03 -1.000 8.212e-03 7.246 10.615 9.327 8.079 7.229 6.547 5.692 5.016 4.882
0.009 -0.22295 10.00000 0.6237944365 2.3365437984    0.624 -0.900  3.6403  4.646    1  0.000  0.544     0.00     0.00     0.00     0.00     0.00 -1 -9.53e-15      0.00 7.554e-01 2.364e-01 1.467e-03 3.961e-04 3.595e-03 -1.000 8.173e-03 7.019 10.144 8.890 7.720 6.922 6.313 5.505 4.840 4.730
0.009 -0.22295 10.00000 0.6499999762 2.3520355225    0.650 -0.803  3.6574  4.636    1  0.000  0.544     0.00     0.00     0.00     0.00     0.00 -1 -1.18e-14      0.00 7.571e-01 2.348e-01 1.458e-03 3.937e-04 3.574e-03 -1.000 8.128e-03 6.778 9.540 8.414 7.335 6.604 6.064 5.312 4.684 4.591
0.009 -0.22295 10.00000 0.6640273929 2.3597524166    0.664 -0.752  3.6662  4.629    1  0.000  0.544     0.00     0.00     0.00     0.00     0.00 -1 -1.32e-14      0.00 7.581e-01 2.338e-01 1.453e-03 3.924e-04 3.561e-03 -1.000 8.113e-03 6.649 9.214 8.173 7.140 6.445 5.931 5.210 4.606 4.520
0.009 -0.22295 10.00000 0.7000000477 2.3779268265    0.700 -0.623  3.6879  4.610    1  0.000  0.544     0.00     0.00     0.00     0.00     0.00 -1 -1.77e-14      0.00 7.608e-01 2.312e-01 1.439e-03 3.887e-04 3.529e-03 -1.000 7.998e-03 6.328 8.418 7.605 6.673 6.063 5.602 4.957 4.422 4.347
0.009 -0.22295 10.00000 0.7042211890 2.3799200058    0.704 -0.608  3.6903  4.607    1  0.000  0.543     0.00     0.00     0.00     0.00     0.00 -1 -1.83e-14      0.00 7.612e-01 2.309e-01 1.436e-03 3.881e-04 3.524e-03 -1.000 7.966e-03 6.290 8.332 7.542 6.621 6.020 5.565 4.927 4.399 4.326
0.009 -0.22295 10.00000 0.7203035355 2.3872680664    0.720 -0.551  3.6993  4.596    1  0.000  0.541     0.00     0.00     0.00     0.00     0.00 -1 -2.09e-14      0.00 7.626e-01 2.294e-01 1.422e-03 3.861e-04 3.507e-03 -1.000 7.985e-03 6.147 8.004 7.311 6.428 5.860 5.423 4.816 4.315 4.246
0.009 -0.22295 10.00000 0.7345257998 2.3934590816    0.734 -0.501  3.7072  4.585    1  0.000  0.538     0.00     0.00     0.00     0.00     0.00 -1 -2.36e-14      0.00 7.638e-01 2.282e-01 1.410e-03 3.842e-04 3.492e-03 -1.000 7.958e-03 6.021 7.730 7.115 6.264 5.721 5.299 4.718 4.240 4.174
0.009 -0.22295 10.00000 0.7481382489 2.3991315365    0.748 -0.452  3.7146  4.574    1  0.000  0.536     0.00     0.00     0.00     0.00     0.00 -1 -2.64e-14      0.00 7.650e-01 2.271e-01 1.399e-03 3.824e-04 3.477e-03 -1.000 7.898e-03 5.901 7.475 6.933 6.110 5.591 5.183 4.625 4.167 4.105
0.009 -0.22295 10.00000 0.7500000000 2.3998889923    0.750 -0.446  3.7156  4.573    1  0.000  0.536     0.00     0.00     0.00     0.00     0.00 -1 -2.68e-14      0.00 7.652e-01 2.269e-01 1.398e-03 3.822e-04 3.475e-03 -1.000 7.891e-03 5.884 7.441 6.908 6.089 5.573 5.167 4.612 4.157 4.095
0.009 -0.22295 10.00000 0.7637863755 2.4053661823    0.764 -0.397  3.7222  4.559    1  0.000  0.536     0.00     0.00     0.00     0.00     0.00 -1 -3.02e-14      0.00 7.667e-01 2.254e-01 1.390e-03 3.801e-04 3.456e-03 -1.000 7.843e-03 5.762 7.203 6.735 5.941 5.445 5.049 4.516 4.078 4.019
0.009 -0.22295 10.00000 0.7788087726 2.4110810757    0.778 -0.344  3.7292  4.542    1  0.000  0.536     0.00     0.00     0.00     0.00     0.00 -1 -3.45e-14      0.00 7.685e-01 2.237e-01 1.381e-03 3.777e-04 3.436e-03 -1.000 7.807e-03 5.629 6.954 6.551 5.782 5.306 4.922 4.410 3.991 3.935
0.009 -0.22295 10.00000 0.7928021550 2.4161810875    0.792 -0.294  3.7355  4.525    1  0.000  0.536     0.00     0.00     0.00     0.00     0.00 -1 -3.91e-14      0.00 7.701e-01 2.222e-01 1.373e-03 3.755e-04 3.416e-03 -1.000 7.776e-03 5.505 6.728 6.381 5.637 5.178 4.804 4.311 3.909 3.855
0.009 -0.22295 10.00000 0.7989268899 2.4183487892    0.798 -0.272  3.7382  4.517    1  0.000  0.536     0.00     0.00     0.00     0.00     0.00 -1 -4.13e-14      0.00 7.708e-01 2.215e-01 1.369e-03 3.746e-04 3.407e-03 -1.000 7.754e-03 5.450 6.630 6.307 5.574 5.122 4.752 4.267 3.872 3.819
0.009 -0.22295 10.00000 0.8075897098 2.4213502407    0.807 -0.241  3.7418  4.505    1  0.000  0.536     0.00     0.00     0.00     0.00     0.00 -1 -4.48e-14      0.00 7.720e-01 2.203e-01 1.363e-03 3.729e-04 3.393e-03 -1.000 7.719e-03 5.372 6.496 6.204 5.485 5.043 4.679 4.205 3.818 3.767
0.009 -0.22295 10.00000 0.8194106817 2.4253284931    0.819 -0.198  3.7465  4.487    1  0.000  0.536     0.00     0.00     0.00     0.00     0.00 -1 -5.01e-14      0.00 7.736e-01 2.187e-01 1.355e-03 3.706e-04 3.372e-03 -1.000 7.669e-03 5.264 6.313 6.066 5.365 4.936 4.580 4.118 3.742 3.693
0.009 -0.22295 10.00000 0.8306812048 2.4290003777    0.830 -0.156  3.7508  4.468    1  0.000  0.536     0.00     0.00     0.00     0.00     0.00 -1 -5.59e-14      0.00 7.752e-01 2.171e-01 1.347e-03 3.685e-04 3.353e-03 -1.000 7.642e-03 5.160 6.142 5.934 5.250 4.832 4.483 4.034 3.667 3.621
0.009 -0.22295 10.00000 0.8415558934 2.4324364662    0.841 -0.115  3.7548  4.449    1  0.000  0.535     0.00     0.00     0.00     0.00     0.00 -1 -6.24e-14      0.00 7.768e-01 2.156e-01 1.339e-03 3.663e-04 3.334e-03 -1.000 7.584e-03 5.058 5.985 5.809 5.140 4.732 4.388 3.950 3.593 3.548
0.009 -0.22295 10.00000 0.8478538394 2.4343800545    0.847 -0.091  3.7570  4.438    1  0.000  0.535     0.00     0.00     0.00     0.00     0.00 -1 -6.65e-14      0.00 7.777e-01 2.147e-01 1.334e-03 3.651e-04 3.323e-03 -1.000 7.543e-03 4.999 5.894 5.736 5.075 4.673 4.333 3.900 3.548 3.504
0.009 -0.22295 10.00000 0.8499526978 2.4350204468    0.849 -0.083  3.7577  4.433    1  0.000  0.535     0.00     0.00     0.00     0.00     0.00 -1  -6.8e-14      0.00 7.781e-01 2.144e-01 1.332e-03 3.646e-04 3.318e-03 -1.000 7.528e-03 4.979 5.864 5.711 5.053 4.653 4.314 3.883 3.533 3.489
0.009 -0.22295 10.00000 0.8620532751 2.4386425018    0.861 -0.036  3.7616  4.407    1  0.000  0.535     0.00     0.00     0.00     0.00     0.00 -1 -7.76e-14      0.00 7.803e-01 2.122e-01 1.321e-03 3.616e-04 3.291e-03 -1.000 7.456e-03 4.860 5.694 5.569 4.927 4.536 4.203 3.782 3.441 3.399
0.009 -0.22295 10.00000 0.8729995489 2.4418199062    0.872  0.008  3.7649  4.382    1  0.000  0.535     0.00     0.00     0.00     0.00     0.00 -1 -8.79e-14      0.00 7.823e-01 2.103e-01 1.311e-03 3.588e-04 3.266e-03 -1.000 7.437e-03 4.749 5.543 5.439 4.810 4.427 4.099 3.687 3.352 3.312
0.009 -0.22295 10.00000 0.8833953142 2.4447538853    0.882  0.051  3.7677  4.355    1  0.000  0.535     0.00     0.00     0.00     0.00     0.00 -1 -9.95e-14      0.00 7.842e-01 2.084e-01 1.301e-03 3.562e-04 3.242e-03 -1.000 7.394e-03 4.642 5.401 5.315 4.698 4.321 3.998 3.593 3.265 3.226
0.009 -0.22295 10.00000 0.8930322528 2.4474034309    0.892  0.091  3.7700  4.329    1  0.000  0.535     0.00     0.00     0.00     0.00     0.00 -1 -1.12e-13      0.00 7.860e-01 2.066e-01 1.291e-03 3.537e-04 3.220e-03 -1.000 7.339e-03 4.542 5.273 5.201 4.594 4.223 3.904 3.505 3.181 3.143
0.009 -0.22295 10.00000 0.8967806697 2.4484164715    0.896  0.107  3.7707  4.318    1  0.000  0.535     0.00     0.00     0.00     0.00     0.00 -1 -1.17e-13      0.00 7.867e-01 2.060e-01 1.288e-03 3.528e-04 3.212e-03 -1.000 7.316e-03 4.503 5.226 5.158 4.554 4.185 3.867 3.470 3.147 3.110
0.009 -0.22295 10.00000 0.9049245119 2.4505839348    0.904  0.141  3.7720  4.293    1  0.000  0.535     0.00     0.00     0.00     0.00     0.00 -1  -1.3e-13      0.00 7.886e-01 2.041e-01 1.279e-03 3.502e-04 3.189e-03 -1.000 7.251e-03 4.418 5.125 5.065 4.467 4.102 3.786 3.392 3.073 3.036
0.009 -0.22295 10.00000 0.9152316451 2.4532637596    0.914  0.187  3.7735  4.258    1  0.000  0.534     0.00     0.00     0.00     0.00     0.00 -1  -1.5e-13      0.00 7.894e-01 2.034e-01 1.275e-03 3.492e-04 3.180e-03 -1.000 7.218e-03 4.302 4.992 4.939 4.348 3.986 3.673 3.283 2.967 2.931
0.009 -0.22295 10.00000 0.9185329080 2.4541075230    0.917  0.203  3.7739  4.245    1  0.000  0.534     0.00     0.00     0.00     0.00     0.00 -1 -1.57e-13      0.00 7.894e-01 2.034e-01 1.275e-03 3.493e-04 3.181e-03 -1.000 7.197e-03 4.263 4.949 4.898 4.309 3.948 3.636 3.247 2.931 2.896
0.009 -0.22295 10.00000 0.9236735106 2.4554076195    0.922  0.227  3.7742  4.224    1  0.000  0.534     0.00     0.00     0.00     0.00     0.00 -1  -1.7e-13      0.00 7.893e-01 2.034e-01 1.276e-03 3.495e-04 3.183e-03 -1.000 7.230e-03 4.201 4.883 4.833 4.247 3.887 3.575 3.187 2.872 2.837
0.009 -0.22295 10.00000 0.9339805841 2.4579644203    0.932  0.279  3.7740  4.176    1  0.000  0.534     0.00     0.00     0.00     0.00     0.00 -1 -2.01e-13      0.00 7.886e-01 2.042e-01 1.282e-03 3.511e-04 3.197e-03 -1.000 7.268e-03 4.072 4.755 4.704 4.117 3.757 3.445 3.056 2.741 2.706
0.009 -0.22295 10.00000 0.9421725273 2.4599509239    0.941  0.323  3.7725  4.131    1  0.000  0.534     0.00     0.00     0.00     0.00     0.00 -1 -2.33e-13      0.00 7.867e-01 2.060e-01 1.294e-03 3.547e-04 3.230e-03 -1.000 7.364e-03 3.963 4.660 4.602 4.010 3.648 3.334 2.941 2.622 2.586
0.009 -0.22295 10.00000 0.9455729723 2.4607639313    0.944  0.341  3.7717  4.110    1  0.000  0.534     0.00     0.00     0.00     0.00     0.00 -1 -2.49e-13      0.00 7.854e-01 2.072e-01 1.303e-03 3.570e-04 3.252e-03 -1.000 7.412e-03 3.917 4.623 4.560 3.965 3.601 3.286 2.890 2.570 2.533
0.009 -0.22295 10.00000 0.9457075596 2.4607958794    0.944  0.342  3.7716  4.109    1  0.000  0.534     0.00     0.00     0.00     0.00     0.00 -1  -2.5e-13      0.00 7.853e-01 2.073e-01 1.303e-03 3.572e-04 3.254e-03 -1.000 7.415e-03 3.915 4.622 4.558 3.963 3.599 3.284 2.888 2.568 2.531
0.009 -0.22295 10.00000 0.9471463561 2.4611377716    0.946  0.350  3.7709  4.099    1  0.000  0.534     0.00     0.00     0.00     0.00     0.00 -1 -2.57e-13      0.00 7.841e-01 2.084e-01 1.311e-03 3.592e-04 3.272e-03 -1.000 7.451e-03 3.894 4.608 4.541 3.944 3.578 3.262 2.864 2.542 2.505
0.009 -0.22295 10.00000 0.9545202851 2.4628713131    0.953  0.392  3.7653  4.038    2  0.000  0.534     0.00     0.00     0.00     0.00     0.00 -1 -3.02e-13      0.00 7.748e-01 2.174e-01 1.364e-03 3.738e-04 3.404e-03 -1.000 7.745e-03 3.789 4.563 4.467 3.848 3.471 3.146 2.733 2.399 2.359
0.009 -0.22295 10.00000 0.9599550366 2.4641292095    0.958  0.420  3.7572  3.981    2  0.000  0.535     0.00     0.00     0.00     0.00     0.00 -1 -3.43e-13      0.00 7.642e-01 2.277e-01 1.421e-03 3.890e-04 3.541e-03 -1.000 8.078e-03 3.720 4.585 4.443 3.794 3.400 3.062 2.627 2.275 2.232
0.009 -0.22295 10.00000 0.9634386897 2.4649269581    0.962  0.431  3.7473  3.931    2  0.000  0.536     0.00     0.00     0.00     0.00     0.00 -1 -3.73e-13      0.00 7.554e-01 2.362e-01 1.464e-03 4.007e-04 3.645e-03 -1.000 8.317e-03 3.692 4.680 4.475 3.788 3.372 3.018 2.555 2.180 2.132
0.009 -0.22295 10.00000 0.9656309485 2.4654254913    0.964  0.434  3.7377  3.891    2  0.000  0.536     0.00     0.00     0.00     0.00     0.00 -1 -3.93e-13      0.00 7.495e-01 2.420e-01 1.492e-03 4.082e-04 3.712e-03 -1.000 8.459e-03 3.686 4.800 4.528 3.806 3.368 2.999 2.508 2.109 2.058
0.009 -0.22295 10.00000 0.9675126076 2.4658515453    0.966  0.438  3.7272  3.845    2  0.000  0.536     0.00     0.00     0.00     0.00     0.00 -1 -4.18e-13      0.00 7.447e-01 2.467e-01 1.515e-03 4.142e-04 3.765e-03 -1.000 8.572e-03 3.674 4.934 4.587 3.827 3.364 2.978 2.455 2.028 1.974
0.009 -0.22295 10.00000 0.9693433046 2.4662640095    0.968  0.456  3.7170  3.787    2  0.000  0.537     0.00     0.00     0.00     0.00     0.00 -1 -4.64e-13      0.00 7.405e-01 2.508e-01 1.533e-03 4.191e-04 3.809e-03 -1.000 8.648e-03 3.629 5.040 4.615 3.817 3.330 2.926 2.371 1.916 1.857
0.009 -0.22295 10.00000 0.9709436893 2.4666233063    0.969  0.491  3.7098  3.724    2  0.000  0.537     0.00     0.00     0.00     0.00     0.00 -1  -5.4e-13      0.00 7.369e-01 2.543e-01 1.547e-03 4.227e-04 3.841e-03 -1.000 8.728e-03 3.541 5.061 4.581 3.757 3.253 2.836 2.257 1.781 1.720
0.009 -0.22295 10.00000 0.9715673327 2.4667627811    0.970  0.510  3.7074  3.697    2  0.000  0.537     0.00     0.00     0.00     0.00     0.00 -1 -5.81e-13      0.00 7.355e-01 2.557e-01 1.551e-03 4.239e-04 3.852e-03 -1.000 8.755e-03 3.496 5.053 4.555 3.722 3.211 2.791 2.204 1.721 1.659
0.009 -0.22295 10.00000 0.9723529220 2.4669384956    0.971  0.539  3.7053  3.659    3  0.000  0.537     0.00     0.00     0.00     0.00     0.00 -1 -6.49e-13      0.00 7.337e-01 2.575e-01 1.556e-03 4.252e-04 3.864e-03 -1.000 8.805e-03 3.423 5.012 4.499 3.658 3.142 2.717 2.123 1.634 1.571
0.009 -0.22295 10.00000 0.9734706283 2.4671876431    0.972  0.586  3.7027  3.603    3  0.000  0.537     0.00     0.00     0.00     0.00     0.00 -1 -7.68e-13      0.00 7.309e-01 2.602e-01 1.561e-03 4.272e-04 3.879e-03 -1.000 8.828e-03 3.305 4.930 4.401 3.551 3.029 2.600 1.997 1.500 1.436
0.009 -0.22295 10.00000 0.9744002223 2.4673943520    0.973  0.630  3.7010  3.552    3  0.000  0.535     0.00     0.00     0.00     0.00     0.00 -1    -9e-13      0.00 7.283e-01 2.628e-01 1.562e-03 4.293e-04 3.889e-03 -1.000 8.843e-03 3.196 4.843 4.305 3.448 2.923 2.490 1.881 1.379 1.315
0.009 -0.22295 10.00000 0.9754557014 2.4676287174    0.974  0.685  3.6992  3.490    3  0.000  0.529     0.00     0.00     0.00     0.00     0.00 -1  -1.1e-12      0.00 7.250e-01 2.662e-01 1.548e-03 4.392e-04 3.899e-03 -1.000 8.876e-03 3.057 4.727 4.179 3.317 2.788 2.352 1.737 1.230 1.165
0.009 -0.22295 10.00000 0.9761752486 2.4677879810    0.974  0.726  3.6981  3.445    3  0.000  0.521     0.00     0.00     0.00     0.00     0.00 -1 -1.27e-12      0.00 7.226e-01 2.685e-01 1.527e-03 4.601e-04 3.905e-03 -1.000 8.878e-03 2.954 4.642 4.086 3.219 2.687 2.249 1.630 1.119 1.054
0.009 -0.22295 10.00000 0.9768701792 2.4679417610    0.975  0.769  3.6969  3.397    3  0.000  0.511     0.00     0.00     0.00     0.00     0.00 -1 -1.48e-12      0.00 7.203e-01 2.708e-01 1.498e-03 4.925e-04 3.910e-03 -1.000 8.921e-03 2.847 4.554 3.989 3.116 2.583 2.142 1.518 1.004 0.939
0.009 -0.22295 10.00000 0.9775170088 2.4680843353    0.976  0.812  3.6958  3.350    3  0.000  0.499     0.00     0.00     0.00     0.00     0.00 -1 -1.73e-12      0.00 7.181e-01 2.730e-01 1.464e-03 5.329e-04 3.914e-03 -1.000 8.934e-03 2.739 4.466 3.892 3.014 2.478 2.034 1.407 0.889 0.823
0.009 -0.22295 10.00000 0.9780845046 2.4682095051    0.976  0.854  3.6947  3.305    3  0.000  0.490     0.00     0.00     0.00     0.00     0.00 -1    -2e-12      0.00 7.164e-01 2.747e-01 1.440e-03 5.639e-04 3.917e-03 -1.000 8.902e-03 2.636 4.382 3.799 2.916 2.377 1.932 1.300 0.779 0.713
0.009 -0.22295 10.00000 0.9786254764 2.4683287144    0.977  0.895  3.6935  3.259    3  0.000  0.482     0.00     0.00     0.00     0.00     0.00 -1 -2.32e-12      0.00 7.148e-01 2.763e-01 1.418e-03 5.928e-04 3.920e-03 -1.000 8.929e-03 2.532 4.298 3.706 2.817 2.275 1.828 1.192 0.667 0.600
0.009 -0.22295 10.00000 0.9791337252 2.4684402943    0.977  0.938  3.6922  3.211    3  0.000  0.476     0.00     0.00     0.00     0.00     0.00 -1  -2.7e-12      0.00 7.135e-01 2.776e-01 1.401e-03 6.138e-04 3.922e-03 -1.000 8.935e-03 2.426 4.214 3.612 2.716 2.172 1.721 1.081 0.552 0.485
0.009 -0.22295 10.00000 0.9796125293 2.4685454369    0.978  0.981  3.6908  3.163    3  0.000  0.472     0.00     0.00     0.00     0.00     0.00 -1 -3.15e-12      0.00 7.124e-01 2.787e-01 1.388e-03 6.313e-04 3.924e-03 -1.000 8.937e-03 2.319 4.131 3.518 2.615 2.067 1.614 0.968 0.436 0.368
0.009 -0.22295 10.00000 0.9800298810 2.4686369896    0.978  1.021  3.6895  3.117    3  0.000  0.468     0.00     0.00     0.00     0.00     0.00 -1 -3.65e-12      0.00 7.116e-01 2.794e-01 1.379e-03 6.426e-04 3.925e-03 -1.000 8.938e-03 2.217 4.053 3.429 2.520 1.969 1.513 0.862 0.325 0.257
0.009 -0.22295 10.00000 0.9804226756 2.4687230587    0.978  1.063  3.6880  3.070    3  0.000  0.466     0.00     0.00     0.00     0.00     0.00 -1 -4.24e-12      0.00 7.110e-01 2.801e-01 1.372e-03 6.516e-04 3.926e-03 -1.000 8.948e-03 2.114 3.976 3.340 2.423 1.869 1.410 0.754 0.212 0.144
0.009 -0.22295 10.00000 0.9807717204 2.4687995911    0.979  1.102  3.6865  3.025    3  0.000  0.464     0.00     0.00     0.00     0.00     0.00 -1 -4.89e-12      0.00 7.105e-01 2.805e-01 1.367e-03 6.576e-04 3.926e-03 -1.000 8.980e-03 2.015 3.904 3.255 2.332 1.774 1.312 0.650 0.104 0.036
0.009 -0.22295 10.00000 0.9812006950 2.4688935280    0.979  1.155  3.6845  2.963    3  0.000  0.463     0.00     0.00     0.00     0.00     0.00 -1 -5.93e-12      0.00 7.101e-01 2.809e-01 1.363e-03 6.629e-04 3.927e-03 -1.000 8.977e-03 1.881 3.807 3.141 2.209 1.645 1.179 0.510 -0.042 -0.112
0.009 -0.22295 10.00000 0.9815742373 2.4689750671    0.979  1.207  3.6823  2.903    3  0.000  0.462     0.00     0.00     0.00     0.00     0.00 -1 -7.14e-12      0.00 7.100e-01 2.811e-01 1.361e-03 6.659e-04 3.927e-03 -1.000 8.955e-03 1.753 3.717 3.033 2.091 1.522 1.051 0.375 -0.184 -0.255
0.009 -0.22295 10.00000 0.9819079041 2.4690480232    0.979  1.257  3.6802  2.844    3  0.000  0.462     0.00     0.00     0.00     0.00     0.00 -1 -8.59e-12      0.00 7.099e-01 2.811e-01 1.361e-03 6.665e-04 3.927e-03 -1.000 8.954e-03 1.626 3.629 2.927 1.975 1.401 0.926 0.241 -0.324 -0.396
0.009 -0.22295 10.00000 0.9822161198 2.4691152573    0.980  1.309  3.6778  2.783    3  0.000  0.462     0.00     0.00     0.00     0.00     0.00 -1 -1.04e-11      0.00 7.099e-01 2.811e-01 1.361e-03 6.669e-04 3.927e-03 -1.000 8.954e-03 1.498 3.545 2.821 1.859 1.278 0.799 0.105 -0.467 -0.540
0.009 -0.22295 10.00000 0.9824865460 2.4691741467    0.980  1.358  3.6755  2.725    3  0.000  0.462     0.00     0.00     0.00     0.00     0.00 -1 -1.24e-11      0.00 7.099e-01 2.812e-01 1.360e-03 6.671e-04 3.928e-03 -1.000 8.954e-03 1.374 3.466 2.722 1.749 1.162 0.677 -0.025 -0.605 -0.679
0.009 -0.22295 10.00000 0.9827367067 2.4692287445    0.980  1.408  3.6731  2.666    3  0.000  0.462     0.00     0.00     0.00     0.00     0.00 -1 -1.49e-11      0.00 7.099e-01 2.812e-01 1.360e-03 6.674e-04 3.928e-03 -1.000 8.954e-03 1.250 3.387 2.621 1.638 1.044 0.554 -0.156 -0.744 -0.819
0.009 -0.22295 10.00000 0.9829648137 2.4692783356    0.980  1.457  3.6706  2.607    3  0.000  0.462     0.00     0.00     0.00     0.00     0.00 -1 -1.79e-11      0.00 7.099e-01 2.812e-01 1.360e-03 6.676e-04 3.928e-03 -1.000 8.954e-03 1.128 3.312 2.524 1.529 0.929 0.434 -0.286 -0.881 -0.958
0.009 -0.22295 10.00000 0.9831718802 2.4693233967    0.980  1.504  3.6682  2.550    3  0.000  0.462     0.00     0.00     0.00     0.00     0.00 -1 -2.13e-11      0.00 7.099e-01 2.812e-01 1.360e-03 6.678e-04 3.928e-03 -1.000 8.954e-03 1.010 3.242 2.431 1.426 0.818 0.318 -0.411 -1.014 -1.092
0.009 -0.22295 10.00000 0.9833753705 2.4693677425    0.980  1.551  3.6657  2.493    3  0.000  0.462     0.00     0.00     0.00     0.00     0.00 -1 -2.53e-11      0.00 7.099e-01 2.812e-01 1.360e-03 6.681e-04 3.928e-03 -1.000 8.954e-03 0.892 3.177 2.341 1.324 0.709 0.203 -0.536 -1.146 -1.226
0.009 -0.22295 10.00000 0.9836443663 2.4694263935    0.980  1.599  3.6632  2.435    3  0.000  0.462     0.00     0.00     0.00     0.00     0.00 -1 -3.04e-11      0.00 7.098e-01 2.812e-01 1.360e-03 6.683e-04 3.928e-03 -1.000 8.954e-03 0.772 3.122 2.252 1.219 0.596 0.084 -0.664 -1.282 -1.363
0.009 -0.22295 10.00000 0.9836869836 2.4694354534    0.980  1.602  3.6631  2.431    3  0.000  0.462     0.00     0.00     0.00     0.00     0.00 -1 -3.09e-11      0.00 7.098e-01 2.812e-01 1.360e-03 6.684e-04 3.928e-03 -1.000 8.954e-03 0.764 3.118 2.246 1.211 0.588 0.076 -0.673 -1.291 -1.372
0.009 -0.22295 10.00000 0.9838768244 2.4694766998    0.980  1.564  3.6658  2.480    3  0.000  0.462     0.00     0.00     0.00     0.00     0.00 -1  -2.7e-11      0.00 7.098e-01 2.812e-01 1.359e-03 6.686e-04 3.928e-03 -1.000 8.954e-03 0.860 3.146 2.309 1.291 0.676 0.171 -0.568 -1.178 -1.258
0.009 -0.22295 10.00000 0.9839600325 2.4694948196    0.980  1.538  3.6675  2.513    3  0.000  0.462     0.00     0.00     0.00     0.00     0.00 -1 -2.45e-11      0.00 7.098e-01 2.812e-01 1.359e-03 6.687e-04 3.928e-03 -1.000 8.954e-03 0.925 3.170 2.354 1.345 0.736 0.234 -0.498 -1.103 -1.182
0.009 -0.22295 10.00000 0.9840434790 2.4695129395    0.980  1.564  3.6661  2.482    3  0.000  0.461     0.00     0.00     0.00     0.00     0.00 -1 -2.66e-11      0.00 7.098e-01 2.812e-01 1.359e-03 6.688e-04 3.928e-03 -1.000 8.954e-03 0.861 3.140 2.307 1.290 0.677 0.171 -0.566 -1.175 -1.255
0.009 -0.22295 10.00000 0.9842004180 2.4695470333    0.980  1.611  3.6634  2.424    3  0.000  0.461     0.00     0.00     0.00     0.00     0.00 -1 -3.15e-11      0.00 7.098e-01 2.812e-01 1.359e-03 6.689e-04 3.928e-03 -1.000 8.954e-03 0.742 3.091 2.221 1.188 0.565 0.054 -0.693 -1.311 -1.391
0.009 -0.22295 10.00000 0.9843512177 2.4695799351    0.980  1.659  3.6607  2.365    3  0.000  0.461     0.00     0.00     0.00     0.00     0.00 -1 -3.76e-11      0.00 7.098e-01 2.812e-01 1.359e-03 6.691e-04 3.928e-03 -1.000 8.954e-03 0.623 3.043 2.136 1.085 0.454 -0.063 -0.821 -1.447 -1.529
0.009 -0.22295 10.00000 0.9844883680 2.4696094990    0.980  1.705  3.6579  2.308    3  0.000  0.461     0.00     0.00     0.00     0.00     0.00 -1 -4.47e-11      0.00 7.098e-01 2.812e-01 1.359e-03 6.692e-04 3.928e-03 -1.000 8.954e-03 0.507 3.001 2.056 0.988 0.346 -0.177 -0.945 -1.579 -1.663
0.009 -0.22295 10.00000 0.9846148491 2.4696371555    0.980  1.751  3.6552  2.251    3  0.000  0.461     0.00     0.00     0.00     0.00     0.00 -1 -5.31e-11      0.00 7.098e-01 2.812e-01 1.359e-03 6.693e-04 3.928e-03 -1.000 8.954e-03 0.392 2.962 1.977 0.891 0.240 -0.290 -1.069 -1.711 -1.797
0.009 -0.22295 10.00000 0.9847313762 2.4696624279    0.980  1.797  3.6524  2.193    3  0.000  0.461     0.00     0.00     0.00     0.00     0.00 -1 -6.31e-11      0.00 7.098e-01 2.812e-01 1.359e-03 6.695e-04 3.928e-03 -1.000 8.954e-03 0.277 2.924 1.899 0.796 0.134 -0.402 -1.192 -1.844 -1.930
0.009 -0.22295 10.00000 0.9848368168 2.4696850777    0.980  1.843  3.6495  2.136    3  0.000  0.461     0.00     0.00     0.00     0.00     0.00 -1 -7.48e-11      0.00 7.098e-01 2.813e-01 1.359e-03 6.696e-04 3.928e-03 -1.000 8.954e-03 0.163 2.890 1.824 0.703 0.031 -0.513 -1.314 -1.974 -2.062
0.009 -0.22295 10.00000 0.9849338531 2.4697062969    0.979  1.888  3.6467  2.080    3  0.000  0.461     0.00     0.00     0.00     0.00     0.00 -1 -8.86e-11      0.00 7.098e-01 2.813e-01 1.359e-03 6.697e-04 3.928e-03 -1.000 8.954e-03 0.050 2.859 1.752 0.612 -0.071 -0.622 -1.434 -2.104 -2.194
0.009 -0.22295 10.00000 0.9850232005 2.4697256088    0.979  1.933  3.6438  2.023    3  0.000  0.461     0.00     0.00     0.00     0.00     0.00 -1 -1.05e-10      0.00 7.098e-01 2.813e-01 1.359e-03 6.698e-04 3.928e-03 -1.000 8.954e-03 -0.062 2.831 1.681 0.522 -0.172 -0.730 -1.554 -2.233 -2.325
0.009 -0.22295 10.00000 0.9851050377 2.4697432518    0.979  1.977  3.6409  1.967    3  0.000  0.461     0.00     0.00     0.00     0.00     0.00 -1 -1.24e-10      0.00 7.098e-01 2.813e-01 1.359e-03 6.699e-04 3.928e-03 -1.000 8.954e-03 -0.173 2.798 1.613 0.432 -0.272 -0.837 -1.673 -2.358 -2.453
0.009 -0.22295 10.00000 0.9851806760 2.4697597027    0.979  2.022  3.6379  1.910    3  0.000  0.461     0.00     0.00     0.00     0.00     0.00 -1 -1.47e-10      0.00 7.098e-01 2.813e-01 1.358e-03 6.699e-04 3.928e-03 -1.000 8.954e-03 -0.285 2.763 1.549 0.341 -0.371 -0.943 -1.791 -2.481 -2.580
0.009 -0.22295 10.00000 0.9852470756 2.4697740078    0.978  2.065  3.6351  1.856    3  0.000  0.461     0.00     0.00     0.00     0.00     0.00 -1 -1.72e-10      0.00 7.098e-01 2.813e-01 1.358e-03 6.700e-04 3.928e-03 -1.000 8.954e-03 -0.391 2.730 1.488 0.256 -0.464 -1.043 -1.904 -2.598 -2.702
0.009 -0.22295 10.00000 0.9853098392 2.4697875977    0.978  2.108  3.6321  1.800    3  0.000  0.461     0.00     0.00     0.00     0.00     0.00 -1 -2.03e-10      0.00 7.098e-01 2.813e-01 1.358e-03 6.701e-04 3.928e-03 -1.000 8.954e-03 -0.500 2.695 1.426 0.169 -0.559 -1.145 -2.019 -2.718 -2.826
0.009 -0.22295 10.00000 0.9853670001 2.4697999954    0.977  2.151  3.6291  1.745    3  0.000  0.461     0.00     0.00     0.00     0.00     0.00 -1 -2.39e-10      0.00 7.098e-01 2.813e-01 1.358e-03 6.701e-04 3.928e-03 -1.000 8.954e-03 -0.608 2.661 1.365 0.083 -0.651 -1.245 -2.133 -2.836 -2.950
0.009 -0.22295 10.00000 0.9854190946 2.4698114395    0.977  2.194  3.6261  1.691    3  0.000  0.461     0.00     0.00     0.00     0.00     0.00 -1 -2.81e-10      0.00 7.098e-01 2.813e-01 1.358e-03 6.702e-04 3.928e-03 -1.000 8.954e-03 -0.714 2.625 1.305 0.001 -0.741 -1.343 -2.244 -2.953 -3.071
0.009 -0.22295 10.00000 0.9854683280 2.4698219299    0.977  2.237  3.6230  1.635    3  0.000  0.461     0.00     0.00     0.00     0.00     0.00 -1 -3.31e-10      0.00 7.098e-01 2.813e-01 1.358e-03 6.702e-04 3.928e-03 -1.000 8.954e-03 -0.822 2.588 1.244 -0.083 -0.833 -1.443 -2.358 -3.072 -3.196
0.009 -0.22295 10.00000 0.9855118990 2.4698314667    0.976  2.278  3.6201  1.582    3  0.000  0.461     0.00     0.00     0.00     0.00     0.00 -1 -3.87e-10      0.00 7.098e-01 2.813e-01 1.358e-03 6.703e-04 3.928e-03 -1.000 8.954e-03 -0.925 2.553 1.186 -0.163 -0.919 -1.537 -2.466 -3.185 -3.315
0.009 -0.22295 10.00000 0.9855527878 2.4698402882    0.975  2.320  3.6171  1.528    3  0.000  0.461     0.00     0.00     0.00     0.00     0.00 -1 -4.53e-10      0.00 7.098e-01 2.813e-01 1.358e-03 6.703e-04 3.928e-03 -1.000 8.954e-03 -1.030 2.518 1.129 -0.241 -1.004 -1.632 -2.575 -3.300 -3.435
0.009 -0.22295 10.00000 0.9855905175 2.4698483944    0.975  2.361  3.6140  1.473    3  0.000  0.461     0.00     0.00     0.00     0.00     0.00 -1 -5.31e-10      0.00 7.098e-01 2.813e-01 1.358e-03 6.704e-04 3.928e-03 -1.000 8.954e-03 -1.134 2.501 1.076 -0.315 -1.089 -1.727 -2.685 -3.417 -3.558
0.009 -0.22295 10.00000 0.9856244922 2.4698557854    0.974  2.402  3.6110  1.421    3  0.000  0.461     0.00     0.00     0.00     0.00     0.00 -1  -6.2e-10      0.00 7.098e-01 2.813e-01 1.358e-03 6.704e-04 3.928e-03 -1.000 8.954e-03 -1.234 2.503 1.027 -0.384 -1.170 -1.820 -2.792 -3.533 -3.678
0.009 -0.22295 10.00000 0.9856572151 2.4698629379    0.973  2.443  3.6078  1.366    3  0.000  0.461     0.00     0.00     0.00     0.00     0.00 -1 -7.27e-10      0.00 7.098e-01 2.813e-01 1.358e-03 6.704e-04 3.928e-03 -1.000 8.954e-03 -1.339 2.506 0.979 -0.453 -1.253 -1.916 -2.904 -3.653 -3.803
0.009 -0.22295 10.00000 0.9856863022 2.4698691368    0.973  2.483  3.6048  1.314    3  0.000  0.461     0.00     0.00     0.00     0.00     0.00 -1 -8.47e-10      0.00 7.098e-01 2.813e-01 1.358e-03 6.705e-04 3.928e-03 -1.000 8.954e-03 -1.439 2.511 0.935 -0.517 -1.330 -2.008 -3.010 -3.769 -3.923
0.009 -0.22295 10.00000 0.9857131243 2.4698750973    0.972  2.523  3.6017  1.261    3  0.000  0.461     0.00     0.00     0.00     0.00     0.00 -1 -9.85e-10      0.00 7.098e-01 2.813e-01 1.358e-03 6.705e-04 3.928e-03 -1.000 8.954e-03 -1.537 2.518 0.892 -0.580 -1.407 -2.098 -3.115 -3.883 -4.042
0.009 -0.22295 10.00000 0.9857385159 2.4698805809    0.971  2.563  3.5985  1.208    3  0.000  0.461     0.00     0.00     0.00     0.00     0.00 -1 -1.15e-09      0.00 7.098e-01 2.813e-01 1.358e-03 6.705e-04 3.928e-03 -1.000 8.954e-03 -1.638 2.524 0.851 -0.641 -1.482 -2.189 -3.223 -4.000 -4.163
0.009 -0.22295 10.00000 0.9857612252 2.4698853493    0.970  2.602  3.5954  1.157    3  0.000  0.461     0.00     0.00     0.00     0.00     0.00 -1 -1.33e-09      0.00 7.098e-01 2.813e-01 1.358e-03 6.705e-04 3.928e-03 -1.000 8.954e-03 -1.734 2.529 0.813 -0.696 -1.551 -2.277 -3.326 -4.112 -4.280
0.009 -0.22295 10.00000 0.9857823253 2.4698898792    0.969  2.640  3.5923  1.106    3  0.000  0.461     0.00     0.00     0.00     0.00     0.00 -1 -1.55e-09      0.00 7.098e-01 2.813e-01 1.358e-03 6.706e-04 3.928e-03 -1.000 8.954e-03 -1.830 2.536 0.777 -0.750 -1.619 -2.363 -3.428 -4.223 -4.395
0.009 -0.22295 10.00000 0.9858021140 2.4698941708    0.967  2.678  3.5891  1.054    3  0.000  0.461     0.00     0.00     0.00     0.00     0.00 -1 -1.79e-09      0.00 7.098e-01 2.813e-01 1.358e-03 6.706e-04 3.928e-03 -1.000 8.954e-03 -1.925 2.545 0.744 -0.802 -1.686 -2.448 -3.530 -4.335 -4.512
0.009 -0.22295 10.00000 0.9858200550 2.4698982239    0.966  2.715  3.5860  1.004    3  0.000  0.461     0.00     0.00     0.00     0.00     0.00 -1 -2.07e-09      0.00 7.098e-01 2.813e-01 1.358e-03 6.706e-04 3.928e-03 -1.000 8.954e-03 -2.018 2.551 0.714 -0.846 -1.745 -2.530 -3.628 -4.442 -4.624
0.009 -0.22295 10.00000 0.9858371615 2.4699018002    0.965  2.752  3.5829  0.953    3  0.000  0.461     0.00     0.00     0.00     0.00     0.00 -1 -2.39e-09      0.00 7.098e-01 2.813e-01 1.358e-03 6.706e-04 3.928e-03 -1.000 8.954e-03 -2.111 2.565 0.689 -0.889 -1.804 -2.613 -3.729 -4.552 -4.739
0.009 -0.22295 10.00000 0.9858568311 2.4699060917    0.963  2.798  3.5788  0.891    3  0.000  0.461     0.00     0.00     0.00     0.00     0.00 -1 -2.85e-09      0.00 7.097e-01 2.813e-01 1.358e-03 6.706e-04 3.928e-03 -1.000 8.954e-03 -2.225 2.584 0.665 -0.933 -1.871 -2.713 -3.853 -4.686 -4.879
0.009 -0.22295 10.00000 0.9858742356 2.4699099064    0.961  2.841  3.5748  0.831    3  0.000  0.461     0.00     0.00     0.00     0.00     0.00 -1 -3.38e-09      0.00 7.097e-01 2.813e-01 1.358e-03 6.707e-04 3.928e-03 -1.000 8.954e-03 -2.333 2.598 0.649 -0.964 -1.924 -2.807 -3.971 -4.814 -5.014
0.009 -0.22295 10.00000 0.9858902693 2.4699132442    0.959  2.884  3.5708  0.771    3  0.000  0.461     0.00     0.00     0.00     0.00     0.00 -1    -4e-09      0.00 7.097e-01 2.813e-01 1.358e-03 6.707e-04 3.928e-03 -1.000 8.954e-03 -2.440 2.613 0.636 -0.993 -1.976 -2.899 -4.087 -4.940 -5.147
0.009 -0.22295 10.00000 0.9859051704 2.4699165821    0.956  2.927  3.5668  0.711    3  0.000  0.461     0.00     0.00     0.00     0.00     0.00 -1 -4.73e-09      0.00 7.097e-01 2.813e-01 1.358e-03 6.707e-04 3.928e-03 -1.000 8.954e-03 -2.547 2.622 0.631 -1.006 -2.016 -2.988 -4.204 -5.066 -5.279
0.009 -0.22295 10.00000 0.9859187603 2.4699194431    0.954  2.968  3.5629  0.653    3  0.000  0.461     0.00     0.00     0.00     0.00     0.00 -1 -5.58e-09      0.00 7.097e-01 2.813e-01 1.358e-03 6.707e-04 3.928e-03 -1.000 8.954e-03 -2.650 2.632 0.631 -1.013 -2.049 -3.073 -4.318 -5.190 -5.409
0.009 -0.22295 10.00000 0.9859313965 2.4699223042    0.951  3.009  3.5588  0.595    3  0.000  0.461     0.00     0.00     0.00     0.00     0.00 -1 -6.56e-09      0.00 7.097e-01 2.813e-01 1.358e-03 6.707e-04 3.928e-03 -1.000 8.954e-03 -2.752 2.642 0.639 -1.010 -2.076 -3.155 -4.431 -5.312 -5.537
0.009 -0.22295 10.00000 0.9859431386 2.4699246883    0.948  3.049  3.5547  0.537    3  0.000  0.461     0.00     0.00     0.00     0.00     0.00 -1  -7.7e-09      0.00 7.097e-01 2.813e-01 1.358e-03 6.707e-04 3.928e-03 -1.000 8.954e-03 -2.852 2.650 0.660 -0.987 -2.088 -3.230 -4.542 -5.432 -5.664
0.009 -0.22295 10.00000 0.9859539270 2.4699270725    0.945  3.088  3.5506  0.480    3  0.000  0.461     0.00     0.00     0.00     0.00     0.00 -1 -9.02e-09      0.00 7.097e-01 2.813e-01 1.358e-03 6.707e-04 3.928e-03 -1.000 8.954e-03 -2.950 2.661 0.686 -0.960 -2.096 -3.303 -4.652 -5.550 -5.789
0.009 -0.22295 10.00000 0.9859637022 2.4699292183    0.941  3.126  3.5466  0.424    3  0.000  0.461     0.00     0.00     0.00     0.00     0.00 -1 -1.05e-08      0.00 7.097e-01 2.813e-01 1.358e-03 6.707e-04 3.928e-03 -1.000 8.954e-03 -3.044 2.670 0.732 -0.906 -2.087 -3.365 -4.759 -5.663 -5.909
0.009 -0.22295 10.00000 0.9859729409 2.4699311256    0.937  3.163  3.5424  0.369    3  0.000  0.461     0.00     0.00     0.00     0.00     0.00 -1 -1.22e-08      0.00 7.097e-01 2.813e-01 1.358e-03 6.708e-04 3.928e-03 -1.000 8.954e-03 -3.138 2.680 0.785 -0.842 -2.071 -3.425 -4.866 -5.777 -6.030
0.009 -0.22295 10.00000 0.9859813452 2.4699330330    0.933  3.199  3.5383  0.315    3  0.000  0.461     0.00     0.00     0.00     0.00     0.00 -1 -1.42e-08      0.00 7.097e-01 2.813e-01 1.358e-03 6.708e-04 3.928e-03 -1.000 8.954e-03 -3.227 2.689 0.848 -0.765 -2.045 -3.475 -4.968 -5.886 -6.146
0.009 -0.22295 10.00000 0.9859893918 2.4699347019    0.929  3.235  3.5342  0.260    3  0.000  0.461     0.00     0.00     0.00     0.00     0.00 -1 -1.64e-08      0.00 7.097e-01 2.813e-01 1.358e-03 6.708e-04 3.928e-03 -1.000 8.954e-03 -3.317 2.697 0.921 -0.673 -2.012 -3.519 -5.072 -5.995 -6.263
0.009 -0.22295 10.00000 0.9859969616 2.4699363708    0.924  3.270  3.5301  0.206    3  0.000  0.461     0.00     0.00     0.00     0.00     0.00 -1  -1.9e-08      0.00 7.097e-01 2.813e-01 1.358e-03 6.708e-04 3.928e-03 -1.000 8.954e-03 -3.404 2.707 0.998 -0.577 -1.974 -3.559 -5.173 -6.102 -6.377
0.009 -0.22295 10.00000 0.9860038757 2.4699378014    0.919  3.303  3.5260  0.154    3  0.000  0.461     0.00     0.00     0.00     0.00     0.00 -1 -2.19e-08      0.00 7.097e-01 2.813e-01 1.358e-03 6.708e-04 3.928e-03 -1.000 8.954e-03 -3.489 2.715 1.102 -0.446 -1.917 -3.575 -5.272 -6.204 -6.488
0.009 -0.22295 10.00000 0.9860106111 2.4699392319    0.913  3.337  3.5220  0.101    3  0.000  0.461     0.00     0.00     0.00     0.00     0.00 -1 -2.52e-08      0.00 7.097e-01 2.813e-01 1.358e-03 6.708e-04 3.928e-03 -1.000 8.954e-03 -3.573 2.725 1.212 -0.308 -1.856 -3.589 -5.370 -6.307 -6.599
0.009 -0.22295 10.00000 0.9860170484 2.4699406624    0.907  3.370  3.5181  0.050    3  0.000  0.461     0.00     0.00     0.00     0.00     0.00 -1 -2.89e-08      0.00 7.097e-01 2.813e-01 1.358e-03 6.708e-04 3.928e-03 -1.000 8.954e-03 -3.654 2.734 1.331 -0.155 -1.785 -3.587 -5.464 -6.404 -6.704
0.009 -0.22295 10.00000 0.9860218167 2.4699418545    0.902  3.393  3.5153  0.013    3  0.000  0.461     0.00     0.00     0.00     0.00     0.00 -1 -3.19e-08      0.00 7.097e-01 2.813e-01 1.358e-03 6.708e-04 3.928e-03 -1.000 8.954e-03 -3.712 2.738 1.423 -0.033 -1.728 -3.577 -5.531 -6.474 -6.780
0.009 -0.22295 10.00000 0.9860218167 2.4699418545    0.902  1.700  3.6814  2.371    4  0.000  0.483     0.00     0.00     0.00     0.00     0.00 -1    -1e-30      0.00 7.132e-01 2.779e-01 1.416e-03 5.913e-04 3.911e-03 -1.000 8.861e-03 0.520 2.504 1.815 0.853 0.291 -0.182 -0.863 -1.421 -1.491
0.009 -0.22295 10.00000 0.9861053228 2.4699597359    0.902  1.709  3.6808  2.359    4  0.000  0.483     0.00     0.00     0.00     0.00     0.00 -1    -1e-30      0.00 7.132e-01 2.779e-01 1.416e-03 5.914e-04 3.911e-03 -1.000 8.861e-03 0.497 2.496 1.799 0.834 0.270 -0.204 -0.888 -1.447 -1.518
0.009 -0.22295 10.00000 0.9861857295 2.4699771404    0.902  1.713  3.6806  2.355    4  0.000  0.483     0.00     0.00     0.00     0.00     0.00 -1    -1e-30      0.00 7.132e-01 2.779e-01 1.416e-03 5.914e-04 3.911e-03 -1.000 8.861e-03 0.489 2.491 1.793 0.826 0.261 -0.213 -0.898 -1.457 -1.528
0.009 -0.22295 10.00000 0.9862660766 2.4699945450    0.902  1.713  3.6808  2.355    4  0.000  0.483     0.00     0.00     0.00     0.00     0.00 -1    -1e-30      0.00 7.132e-01 2.779e-01 1.416e-03 5.915e-04 3.911e-03 -1.000 8.861e-03 0.487 2.487 1.790 0.824 0.259 -0.215 -0.898 -1.457 -1.528
0.009 -0.22295 10.00000 0.9863487482 2.4700124264    0.902  1.712  3.6812  2.358    4  0.000  0.483     0.00     0.00     0.00     0.00     0.00 -1    -1e-30      0.00 7.132e-01 2.779e-01 1.416e-03 5.916e-04 3.911e-03 -1.000 8.862e-03 0.490 2.482 1.789 0.825 0.262 -0.211 -0.894 -1.452 -1.522
0.009 -0.22295 10.00000 0.9864319563 2.4700303078    0.902  1.710  3.6817  2.363    4  0.000  0.483     0.00     0.00     0.00     0.00     0.00 -1    -1e-30      0.00 7.132e-01 2.779e-01 1.416e-03 5.916e-04 3.911e-03 -1.000 8.862e-03 0.496 2.476 1.789 0.828 0.266 -0.206 -0.887 -1.443 -1.513
0.009 -0.22295 10.00000 0.9865123630 2.4700477123    0.903  1.707  3.6822  2.367    4  0.000  0.483     0.00     0.00     0.00     0.00     0.00 -1    -1e-30      0.00 7.132e-01 2.779e-01 1.416e-03 5.917e-04 3.911e-03 -1.000 8.862e-03 0.502 2.472 1.790 0.831 0.271 -0.200 -0.879 -1.434 -1.504
0.009 -0.22295 10.00000 0.9865980148 2.4700663090    0.903  1.705  3.6828  2.372    4  0.000  0.483     0.00     0.00     0.00     0.00     0.00 -1    -1e-30      0.00 7.132e-01 2.779e-01 1.416e-03 5.918e-04 3.911e-03 -1.000 8.862e-03 0.508 2.467 1.791 0.835 0.276 -0.194 -0.871 -1.424 -1.494
0.009 -0.22295 10.00000 0.9866816998 2.4700844288    0.903  1.702  3.6833  2.376    4  0.000  0.483     0.00     0.00     0.00     0.00     0.00 -1    -1e-30      0.00 7.132e-01 2.780e-01 1.416e-03 5.919e-04 3.911e-03 -1.000 8.862e-03 0.514 2.462 1.792 0.838 0.281 -0.188 -0.863 -1.414 -1.484
0.009 -0.22295 10.00000 0.9867661595 2.4701025486    0.903  1.700  3.6838  2.381    4  0.000  0.483     0.00     0.00     0.00     0.00     0.00 -1    -1e-30      0.00 7.132e-01 2.780e-01 1.416e-03 5.919e-04 3.911e-03 -1.000 8.863e-03 0.520 2.457 1.792 0.841 0.285 -0.183 -0.856 -1.406 -1.475
0.009 -0.22295 10.00000 0.9868550301 2.4701216221    0.903  1.698  3.6843  2.384    4  0.000  0.483     0.00     0.00     0.00     0.00     0.00 -1    -1e-30      0.00 7.132e-01 2.780e-01 1.416e-03 5.920e-04 3.911e-03 -1.000 8.863e-03 0.525 2.452 1.792 0.843 0.289 -0.178 -0.849 -1.398 -1.467
0.009 -0.22295 10.00000 0.9869434237 2.4701406956    0.903  1.697  3.6847  2.388    4  0.000  0.483     0.00     0.00     0.00     0.00     0.00 -1    -1e-30      0.00 7.132e-01 2.780e-01 1.416e-03 5.921e-04 3.911e-03 -1.000 8.863e-03 0.529 2.448 1.792 0.845 0.292 -0.174 -0.844 -1.391 -1.460
0.009 -0.22295 10.00000 0.9870253205 2.4701585770    0.903  1.695  3.6850  2.391    4  0.000  0.483     0.00     0.00     0.00     0.00     0.00 -1    -1e-30      0.00 7.132e-01 2.780e-01 1.415e-03 5.922e-04 3.911e-03 -1.000 8.863e-03 0.532 2.443 1.791 0.846 0.295 -0.171 -0.839 -1.386 -1.455
0.009 -0.22295 10.00000 0.9871126413 2.4701774120    0.903  1.694  3.6854  2.393    4  0.000  0.483     0.00     0.00     0.00     0.00     0.00 -1    -1e-30      0.00 7.132e-01 2.780e-01 1.415e-03 5.922e-04 3.912e-03 -1.000 8.863e-03 0.535 2.439 1.791 0.848 0.297 -0.168 -0.835 -1.381 -1.449
0.009 -0.22295 10.00000 0.9871683717 2.4701893330    0.903  1.693  3.6856  2.395    4  0.000  0.483     0.00     0.00     0.00     0.00     0.00 -1    -1e-30      0.00 7.132e-01 2.780e-01 1.415e-03 5.923e-04 3.912e-03 -1.000 8.864e-03 0.536 2.437 1.790 0.848 0.298 -0.166 -0.833 -1.378 -1.446
0.009 -0.22295 10.00000 0.9871984124 2.4701957703    0.903  1.693  3.6857  2.396    4  0.000  0.483     0.00     0.00     0.00     0.00     0.00 -1    -1e-30      0.00 7.132e-01 2.780e-01 1.415e-03 5.923e-04 3.912e-03 -1.000 8.864e-03 0.537 2.435 1.790 0.848 0.299 -0.166 -0.832 -1.376 -1.445
0.009 -0.22295 10.00000 0.9872826338 2.4702138901    0.903  1.692  3.6860  2.397    4  0.000  0.483     0.00     0.00     0.00     0.00     0.00 -1    -1e-30      0.00 7.132e-01 2.780e-01 1.415e-03 5.924e-04 3.912e-03 -1.000 8.864e-03 0.539 2.432 1.789 0.849 0.300 -0.164 -0.829 -1.373 -1.441
0.009 -0.22295 10.00000 0.9873664975 2.4702320099    0.903  1.692  3.6862  2.398    4  0.000  0.483     0.00     0.00     0.00     0.00     0.00 -1    -1e-30      0.00 7.132e-01 2.780e-01 1.415e-03 5.924e-04 3.912e-03 -1.000 8.864e-03 0.540 2.429 1.788 0.849 0.300 -0.163 -0.828 -1.371 -1.439
0.009 -0.22295 10.00000 0.9874488711 2.4702498913    0.904  1.692  3.6863  2.399    4  0.000  0.483     0.00     0.00     0.00     0.00     0.00 -1    -1e-30      0.00 7.132e-01 2.780e-01 1.415e-03 5.925e-04 3.912e-03 -1.000 8.864e-03 0.540 2.426 1.787 0.848 0.300 -0.163 -0.827 -1.370 -1.438
0.009 -0.22295 10.00000 0.9875326753 2.4702677727    0.904  1.692  3.6864  2.399    4  0.000  0.483     0.00     0.00     0.00     0.00     0.00 -1    -1e-30      0.00 7.132e-01 2.780e-01 1.415e-03 5.926e-04 3.912e-03 -1.000 8.864e-03 0.539 2.423 1.785 0.847 0.299 -0.164 -0.827 -1.370 -1.438
0.009 -0.22295 10.00000 0.9876163006 2.4702858925    0.904  1.693  3.6865  2.399    4  0.000  0.483     0.00     0.00     0.00     0.00     0.00 -1    -1e-30      0.00 7.131e-01 2.780e-01 1.415e-03 5.927e-04 3.912e-03 -1.000 8.865e-03 0.538 2.421 1.783 0.845 0.298 -0.165 -0.829 -1.371 -1.439
0.009 -0.22295 10.00000 0.9877017140 2.4703042507    0.904  1.694  3.6864  2.398    4  0.000  0.483     0.00     0.00     0.00     0.00     0.00 -1    -1e-30      0.00 7.131e-01 2.780e-01 1.415e-03 5.927e-04 3.912e-03 -1.000 8.865e-03 0.535 2.419 1.781 0.843 0.295 -0.168 -0.832 -1.374 -1.442
0.009 -0.22295 10.00000 0.9877684116 2.4703185558    0.904  1.695  3.6864  2.397    4  0.000  0.483     0.00     0.00     0.00     0.00     0.00 -1    -1e-30      0.00 7.131e-01 2.780e-01 1.415e-03 5.928e-04 3.912e-03 -1.000 8.865e-03 0.533 2.417 1.779 0.840 0.292 -0.171 -0.834 -1.377 -1.445
0.009 -0.22295 10.00000 0.9878047705 2.4703264236    0.904  1.696  3.6863  2.396    4  0.000  0.483     0.00     0.00     0.00     0.00     0.00 -1    -1e-30      0.00 7.131e-01 2.780e-01 1.415e-03 5.928e-04 3.912e-03 -1.000 8.865e-03 0.530 2.417 1.777 0.838 0.290 -0.173 -0.837 -1.379 -1.447
0.009 -0.22295 10.00000 0.9878802896 2.4703426361    0.904  1.698  3.6862  2.393    4  0.000  0.483     0.00     0.00     0.00     0.00     0.00 -1    -1e-30      0.00 7.131e-01 2.780e-01 1.415e-03 5.929e-04 3.912e-03 -1.000 8.865e-03 0.526 2.415 1.774 0.834 0.286 -0.177 -0.842 -1.385 -1.453
0.009 -0.22295 10.00000 0.9879554510 2.4703588486    0.904  1.700  3.6860  2.390    4  0.000  0.483     0.00     0.00     0.00     0.00     0.00 -1    -1e-30      0.00 7.131e-01 2.780e-01 1.415e-03 5.930e-04 3.912e-03 -1.000 8.865e-03 0.520 2.414 1.771 0.830 0.280 -0.183 -0.849 -1.392 -1.460
0.009 -0.22295 10.00000 0.9880354404 2.4703760147    0.904  1.703  3.6857  2.386    4  0.000  0.482     0.00     0.00     0.00     0.00     0.00 -1    -1e-30      0.00 7.131e-01 2.780e-01 1.415e-03 5.930e-04 3.912e-03 -1.000 8.866e-03 0.512 2.413 1.766 0.823 0.273 -0.191 -0.857 -1.402 -1.470
0.009 -0.22295 10.00000 0.9881162643 2.4703934193    0.904  1.707  3.6853  2.380    4  0.000  0.482     0.00     0.00     0.00     0.00     0.00 -1    -1e-30      0.00 7.131e-01 2.780e-01 1.415e-03 5.931e-04 3.912e-03 -1.000 8.866e-03 0.502 2.412 1.761 0.816 0.265 -0.200 -0.868 -1.414 -1.482
0.009 -0.22295 10.00000 0.9881916642 2.4704096317    0.904  1.711  3.6848  2.374    4  0.000  0.482     0.00     0.00     0.00     0.00     0.00 -1    -1e-30      0.00 7.131e-01 2.780e-01 1.415e-03 5.932e-04 3.912e-03 -1.000 8.866e-03 0.492 2.411 1.755 0.808 0.255 -0.211 -0.880 -1.427 -1.496
0.009 -0.22295 10.00000 0.9882685542 2.4704263210    0.905  1.716  3.6843  2.368    4  0.000  0.482     0.00     0.00     0.00     0.00     0.00 -1    -1e-30      0.00 7.131e-01 2.780e-01 1.415e-03 5.932e-04 3.912e-03 -1.000 8.866e-03 0.480 2.410 1.748 0.798 0.244 -0.222 -0.894 -1.442 -1.511
0.009 -0.22295 10.00000 0.9883438349 2.4704425335    0.905  1.721  3.6838  2.361    4  0.000  0.482     0.00     0.00     0.00     0.00     0.00 -1    -1e-30      0.00 7.131e-01 2.780e-01 1.415e-03 5.933e-04 3.912e-03 -1.000 8.866e-03 0.468 2.409 1.741 0.788 0.233 -0.235 -0.908 -1.458 -1.527
0.009 -0.22295 10.00000 0.9884207845 2.4704589844    0.905  1.728  3.6830  2.350    4  0.000  0.482     0.00     0.00     0.00     0.00     0.00 -1    -1e-30      0.00 7.131e-01 2.780e-01 1.415e-03 5.934e-04 3.912e-03 -1.000 8.866e-03 0.449 2.407 1.730 0.774 0.216 -0.254 -0.930 -1.482 -1.551
0.009 -0.22295 10.00000 0.9885029197 2.4704766273    0.905  1.740  3.6818  2.334    4  0.000  0.482     0.00     0.00     0.00     0.00     0.00 -1    -1e-30      0.00 7.131e-01 2.780e-01 1.415e-03 5.934e-04 3.912e-03 -1.000 8.867e-03 0.421 2.404 1.714 0.751 0.190 -0.282 -0.962 -1.517 -1.587
0.009 -0.22295 10.00000 0.9885694981 2.4704909325    0.905  1.739  3.6819  2.335    4  0.000  0.482     0.00     0.00     0.00     0.00     0.00 -1    -1e-30      0.00 7.131e-01 2.780e-01 1.415e-03 5.935e-04 3.912e-03 -1.000 8.867e-03 0.422 2.404 1.715 0.753 0.192 -0.280 -0.960 -1.515 -1.585
0.009 -0.22295 10.00000 0.9886481166 2.4705078602    0.905  1.758  3.6799  2.308    4  0.000  0.482     0.00     0.00     0.00     0.00     0.00 -1    -1e-30      0.00 7.131e-01 2.780e-01 1.415e-03 5.936e-04 3.912e-03 -1.000 8.867e-03 0.374 2.399 1.688 0.714 0.147 -0.328 -1.015 -1.576 -1.647
0.009 -0.22295 10.00000 0.9887245297 2.4705243111    0.905  1.791  3.6766  2.262    4  0.000  0.482     0.00     0.00     0.00     0.00     0.00 -1    -1e-30      0.00 7.131e-01 2.780e-01 1.414e-03 5.936e-04 3.912e-03 -1.000 8.867e-03 0.292 2.395 1.643 0.651 0.074 -0.408 -1.107 -1.679 -1.751
0.009 -0.22295 10.00000 0.9887686968 2.4705338478    0.905  1.827  3.6730  2.211    4  0.000  0.482     0.00     0.00     0.00     0.00     0.00 -1    -1e-30      0.00 7.131e-01 2.780e-01 1.414e-03 5.937e-04 3.912e-03 -1.000 8.867e-03 0.201 2.389 1.593 0.581 -0.008 -0.498 -1.210 -1.792 -1.867
0.009 -0.22295 10.00000 0.9887910485 2.4705386162    0.905  1.865  3.6693  2.159    4  0.000  0.482     0.00     0.00     0.00     0.00     0.00 -1    -1e-30      0.00 7.131e-01 2.780e-01 1.414e-03 5.937e-04 3.912e-03 -1.000 8.867e-03 0.108 2.382 1.541 0.509 -0.092 -0.589 -1.315 -1.908 -1.985
0.009 -0.22295 10.00000 0.9888029695 2.4705412388    0.905  1.903  3.6656  2.106    4  0.000  0.482     0.00     0.00     0.00     0.00     0.00 -1    -1e-30      0.00 7.131e-01 2.780e-01 1.414e-03 5.937e-04 3.912e-03 -1.000 8.867e-03 0.013 2.379 1.491 0.437 -0.176 -0.682 -1.422 -2.026 -2.104
0.009 -0.22295 10.00000 0.9888089895 2.4705424309    0.905  1.940  3.6620  2.055    4  0.000  0.482     0.00     0.00     0.00     0.00     0.00 -1    -1e-30      0.00 7.131e-01 2.780e-01 1.414e-03 5.937e-04 3.912e-03 -1.000 8.867e-03 -0.080 2.374 1.440 0.366 -0.258 -0.772 -1.526 -2.141 -2.221
0.009 -0.22295 10.00000 0.9888123870 2.4705431461    0.905  1.977  3.6585  2.003    4  0.000  0.482     0.00     0.00     0.00     0.00     0.00 -1    -1e-30      0.00 7.131e-01 2.780e-01 1.414e-03 5.937e-04 3.912e-03 -1.000 8.867e-03 -0.173 2.371 1.391 0.297 -0.340 -0.862 -1.629 -2.256 -2.338
0.009 -0.22295 10.00000 0.9888144732 2.4705436230    0.905  2.013  3.6551  1.954    4  0.000  0.482     0.00     0.00     0.00     0.00     0.00 -1    -1e-30      0.00 7.131e-01 2.780e-01 1.414e-03 5.937e-04 3.912e-03 -1.000 8.867e-03 -0.263 2.365 1.349 0.228 -0.420 -0.948 -1.728 -2.362 -2.447
0.009 -0.22295 10.00000 0.9888158441 2.4705438614    0.905  2.047  3.6521  1.908    4  0.000  0.482     0.00     0.00     0.00     0.00     0.00 -1    -1e-30      0.00 7.131e-01 2.780e-01 1.414e-03 5.937e-04 3.912e-03 -1.000 8.867e-03 -0.346 2.358 1.309 0.165 -0.492 -1.027 -1.819 -2.459 -2.548
0.009 -0.22295 10.00000 0.9888159037 2.4705438614    0.905  2.048  3.6519  1.906    4  0.000  0.482     0.00     0.00     0.00     0.00     0.00 -1    -1e-30      0.00 7.131e-01 2.780e-01 1.414e-03 5.937e-04 3.912e-03 -1.000 8.867e-03 -0.350 2.358 1.308 0.162 -0.496 -1.031 -1.823 -2.463 -2.553
0.009 -0.22295 10.00000 0.9888159633 2.4705438614    0.905  2.049  3.6519  1.905    7  0.000  0.482     0.00     0.00     0.00     0.00     0.00 -1 -4.81e-11      0.00 7.131e-01 2.766e-01 1.414e-03 5.937e-04 3.912e-03 -1.000 1.028e-02 -0.352 2.358 1.307 0.161 -0.497 -1.032 -1.825 -2.465 -2.555
0.009 -0.22295 10.00000 0.9888166785 2.4705440998    0.905  2.070  3.6500  1.877    7  0.000  0.482     0.00     0.00     0.00     0.00     0.00 -1 -5.37e-11      0.00 7.131e-01 2.766e-01 1.414e-03 5.937e-04 3.912e-03 -1.000 1.028e-02 -0.404 2.351 1.281 0.121 -0.543 -1.082 -1.883 -2.526 -2.618
0.009 -0.22295 10.00000 0.9888181090 2.4705443382    0.905  2.114  3.6460  1.817    7  0.000  0.482     0.00     0.00     0.00     0.00     0.00 -1 -6.69e-11      0.00 7.131e-01 2.766e-01 1.414e-03 5.937e-04 3.912e-03 -1.000 1.028e-02 -0.514 2.340 1.229 0.039 -0.637 -1.185 -2.002 -2.653 -2.750
0.009 -0.22295 10.00000 0.9888195395 2.4705448151    0.905  2.146  3.6431  1.773    7  0.000  0.482     0.00     0.00     0.00     0.00     0.00 -1 -7.82e-11      0.00 7.131e-01 2.766e-01 1.414e-03 5.937e-04 3.912e-03 -1.000 1.028e-02 -0.595 2.329 1.190 -0.023 -0.707 -1.261 -2.090 -2.747 -2.848
0.009 -0.22295 10.00000 0.9888233542 2.4705455303    0.905  2.154  3.6424  1.763    7  0.000  0.482     0.00     0.00     0.00     0.00     0.00 -1 -8.14e-11      0.00 7.131e-01 2.766e-01 1.414e-03 5.937e-04 3.912e-03 -1.000 1.028e-02 -0.614 2.327 1.181 -0.037 -0.723 -1.279 -2.111 -2.769 -2.871
0.009 -0.22295 10.00000 0.9888275862 2.4705464840    0.905  2.131  3.6444  1.793    7  0.000  0.482     0.00     0.00     0.00     0.00     0.00 -1 -7.28e-11      0.00 7.131e-01 2.766e-01 1.414e-03 5.937e-04 3.912e-03 -1.000 1.028e-02 -0.559 2.334 1.208 0.005 -0.676 -1.227 -2.050 -2.705 -2.804
0.009 -0.22295 10.00000 0.9888666868 2.4705548286    0.904  2.126  3.6449  1.799    7  0.000  0.482     0.00     0.00     0.00     0.00     0.00 -1 -3.58e-10      0.00 7.131e-01 2.766e-01 1.414e-03 5.937e-04 3.912e-03 -1.000 1.032e-02 -0.545 2.337 1.215 0.015 -0.664 -1.214 -2.036 -2.690 -2.788
0.009 -0.22295 10.00000 0.9889088273 2.4705638885    0.902  2.154  3.6424  1.761    7  0.000  0.482     0.00     0.00     0.00     0.00     0.00 -1 -1.07e-09      0.00 7.131e-01 2.766e-01 1.414e-03 5.938e-04 3.912e-03 -1.000 1.035e-02 -0.614 2.329 1.182 -0.036 -0.723 -1.278 -2.110 -2.769 -2.870
0.009 -0.22295 10.00000 0.9889355302 2.4705696106    0.901  2.189  3.6391  1.712    7  0.000  0.482     0.00     0.00     0.00     0.00     0.00 -1  -1.3e-09      0.00 7.131e-01 2.766e-01 1.414e-03 5.938e-04 3.912e-03 -1.000 1.035e-02 -0.703 2.318 1.140 -0.103 -0.798 -1.361 -2.207 -2.872 -2.978
0.009 -0.22295 10.00000 0.9889616966 2.4705753326    0.900  2.227  3.6357  1.660    7  0.000  0.482     0.00     0.00     0.00     0.00     0.00 -1 -1.59e-09      0.00 7.131e-01 2.766e-01 1.414e-03 5.938e-04 3.912e-03 -1.000 1.035e-02 -0.798 2.306 1.096 -0.172 -0.876 -1.447 -2.309 -2.980 -3.091
0.009 -0.22295 10.00000 0.9889867902 2.4705805779    0.898  2.267  3.6322  1.605    7  0.000  0.482     0.00     0.00     0.00     0.00     0.00 -1 -1.98e-09      0.00 7.131e-01 2.766e-01 1.414e-03 5.938e-04 3.912e-03 -1.000 1.035e-02 -0.898 2.292 1.048 -0.246 -0.959 -1.539 -2.416 -3.094 -3.211
0.009 -0.22295 10.00000 0.9890086055 2.4705853462    0.897  2.307  3.6286  1.550    7  0.000  0.482     0.00     0.00     0.00     0.00     0.00 -1 -2.44e-09      0.00 7.131e-01 2.766e-01 1.414e-03 5.939e-04 3.912e-03 -1.000 1.035e-02 -0.997 2.276 1.000 -0.318 -1.041 -1.629 -2.523 -3.207 -3.330
0.009 -0.22295 10.00000 0.9890281558 2.4705893993    0.895  2.347  3.6251  1.495    7  0.000  0.482     0.00     0.00     0.00     0.00     0.00 -1 -3.02e-09      0.00 7.131e-01 2.766e-01 1.414e-03 5.939e-04 3.912e-03 -1.000 1.035e-02 -1.098 2.261 0.953 -0.390 -1.122 -1.720 -2.630 -3.321 -3.451
0.009 -0.22295 10.00000 0.9890455604 2.4705932140    0.893  2.388  3.6215  1.439    7  0.000  0.482     0.00     0.00     0.00     0.00     0.00 -1 -3.71e-09      0.00 7.131e-01 2.766e-01 1.414e-03 5.939e-04 3.912e-03 -1.000 1.035e-02 -1.199 2.277 0.909 -0.457 -1.203 -1.813 -2.739 -3.441 -3.575
0.009 -0.22295 10.00000 0.9890609980 2.4705965519    0.891  2.428  3.6180  1.384    7  0.000  0.482     0.00     0.00     0.00     0.00     0.00 -1 -4.56e-09      0.00 7.131e-01 2.766e-01 1.414e-03 5.940e-04 3.912e-03 -1.000 1.035e-02 -1.300 2.292 0.867 -0.522 -1.282 -1.905 -2.847 -3.561 -3.699
0.009 -0.22295 10.00000 0.9890747666 2.4705994129    0.888  2.468  3.6145  1.329    7  0.000  0.482     0.00     0.00     0.00     0.00     0.00 -1 -5.63e-09      0.00 7.131e-01 2.766e-01 1.414e-03 5.940e-04 3.912e-03 -1.000 1.033e-02 -1.399 2.309 0.828 -0.585 -1.359 -1.996 -2.955 -3.679 -3.822
0.009 -0.22295 10.00000 0.9890872836 2.4706022739    0.886  2.507  3.6110  1.274    7  0.000  0.482     0.00     0.00     0.00     0.00     0.00 -1 -6.96e-09      0.00 7.131e-01 2.766e-01 1.414e-03 5.941e-04 3.912e-03 -1.000 1.030e-02 -1.498 2.328 0.788 -0.647 -1.436 -2.086 -3.062 -3.796 -3.944
0.009 -0.22295 10.00000 0.9890987873 2.4706046581    0.883  2.547  3.6075  1.219    7  0.000  0.482     0.00     0.00     0.00     0.00     0.00 -1  -8.5e-09      0.00 7.131e-01 2.766e-01 1.413e-03 5.944e-04 3.912e-03 -1.000 1.030e-02 -1.597 2.347 0.752 -0.705 -1.510 -2.175 -3.167 -3.913 -4.065
0.009 -0.22295 10.00000 0.9891098142 2.4706070423    0.879  2.587  3.6013  1.153    7  0.000  0.481     0.00     0.00     0.00     0.00     0.00 -1 -1.05e-08      0.00 7.131e-01 2.766e-01 1.411e-03 5.956e-04 3.912e-03 -1.000 1.030e-02 -1.696 2.436 0.759 -0.733 -1.564 -2.257 -3.278 -4.043 -4.204
0.009 -0.22295 10.00000 0.9891200066 2.4706091881    0.875  2.626  3.5950  1.086    7  0.000  0.480     0.00     0.00     0.00     0.00     0.00 -1 -1.29e-08      0.00 7.131e-01 2.766e-01 1.407e-03 5.992e-04 3.912e-03 -1.000 1.028e-02 -1.794 2.525 0.774 -0.749 -1.608 -2.336 -3.388 -4.173 -4.343
0.009 -0.22295 10.00000 0.9891299605 2.4706113338    0.870  2.665  3.5913  1.030    7  0.000  0.478     0.00     0.00     0.00     0.00     0.00 -1 -1.58e-08      0.00 7.131e-01 2.767e-01 1.401e-03 6.057e-04 3.912e-03 -1.000 1.026e-02 -1.893 2.546 0.744 -0.800 -1.675 -2.424 -3.495 -4.291 -4.466
0.009 -0.22295 10.00000 0.9891394377 2.4706134796    0.864  2.705  3.5875  0.972    7  0.000  0.476     0.00     0.00     0.00     0.00     0.00 -1 -1.93e-08      0.00 7.131e-01 2.767e-01 1.395e-03 6.136e-04 3.912e-03 -1.000 1.027e-02 -1.993 2.572 0.723 -0.842 -1.736 -2.511 -3.602 -4.409 -4.590
0.009 -0.22295 10.00000 0.9891482592 2.4706153870    0.858  2.745  3.5835  0.913    7  0.000  0.473     0.00     0.00     0.00     0.00     0.00 -1 -2.37e-08      0.00 7.130e-01 2.767e-01 1.388e-03 6.214e-04 3.912e-03 -1.000 1.029e-02 -2.091 2.604 0.709 -0.878 -1.792 -2.596 -3.710 -4.528 -4.715
0.009 -0.22295 10.00000 0.9891566038 2.4706170559    0.850  2.786  3.5793  0.851    7  0.000  0.471     0.00     0.00     0.00     0.00     0.00 -1 -2.96e-08      0.00 7.130e-01 2.767e-01 1.382e-03 6.285e-04 3.912e-03 -1.000 1.032e-02 -2.194 2.639 0.698 -0.910 -1.847 -2.684 -3.822 -4.651 -4.845
0.009 -0.22295 10.00000 0.9891630411 2.4706184864    0.843  2.825  3.5751  0.791    7  0.000  0.470     0.00     0.00     0.00     0.00     0.00 -1 -3.65e-08      0.00 7.130e-01 2.767e-01 1.378e-03 6.344e-04 3.912e-03 -1.000 1.034e-02 -2.293 2.666 0.696 -0.927 -1.888 -2.767 -3.930 -4.771 -4.971
0.009 -0.22295 10.00000 0.9891672730 2.4706194401    0.837  2.859  3.5715  0.740    7  0.000  0.468     0.00     0.00     0.00     0.00     0.00 -1 -4.34e-08      0.00 7.130e-01 2.767e-01 1.374e-03 6.389e-04 3.912e-03 -1.000 1.033e-02 -2.377 2.690 0.695 -0.941 -1.923 -2.838 -4.024 -4.873 -5.080
0.009 -0.22295 10.00000 0.9891707301 2.4706201553    0.832  2.894  3.5676  0.686    7  0.000  0.467     0.00     0.00     0.00     0.00     0.00 -1 -5.17e-08      0.00 7.130e-01 2.767e-01 1.370e-03 6.434e-04 3.912e-03 -1.000 1.029e-02 -2.466 2.711 0.702 -0.943 -1.949 -2.911 -4.122 -4.981 -5.194
0.009 -0.22295 10.00000 0.9891738892 2.4706208706    0.826  2.931  3.5634  0.629    7  0.000  0.466     0.00     0.00     0.00     0.00     0.00 -1 -6.22e-08      0.00 7.130e-01 2.767e-01 1.367e-03 6.474e-04 3.912e-03 -1.000 1.029e-02 -2.558 2.735 0.718 -0.933 -1.968 -2.983 -4.225 -5.094 -5.313
0.009 -0.22295 10.00000 0.9891767502 2.4706213474    0.819  2.969  3.5590  0.571    7  0.000  0.465     0.00     0.00     0.00     0.00     0.00 -1 -7.54e-08      0.00 7.130e-01 2.767e-01 1.364e-03 6.507e-04 3.912e-03 -1.000 1.030e-02 -2.652 2.760 0.742 -0.914 -1.980 -3.055 -4.330 -5.209 -5.436
0.009 -0.22295 10.00000 0.9891792536 2.4706220627    0.812  3.002  3.5549  0.517    7  0.000  0.464     0.00     0.00     0.00     0.00     0.00 -1 -8.99e-08      0.00 7.130e-01 2.767e-01 1.362e-03 6.530e-04 3.912e-03 -1.000 1.029e-02 -2.735 2.782 0.779 -0.874 -1.974 -3.114 -4.425 -5.313 -5.546
0.009 -0.22295 10.00000 0.9891819954 2.4706225395    0.802  3.042  3.5498  0.451    7  0.000  0.464     0.00     0.00     0.00     0.00     0.00 -1 -1.11e-07      0.00 7.130e-01 2.768e-01 1.361e-03 6.550e-04 3.912e-03 -1.000 1.026e-02 -2.835 2.814 0.835 -0.815 -1.961 -3.183 -4.540 -5.438 -5.679
0.009 -0.22295 10.00000 0.9891847372 2.4706230164    0.790  3.081  3.5446  0.385    7  0.000  0.464     0.00     0.00     0.00     0.00     0.00 -1 -1.37e-07      0.00 7.130e-01 2.768e-01 1.360e-03 6.560e-04 3.912e-03 -1.000 1.026e-02 -2.932 2.844 0.920 -0.716 -1.921 -3.237 -4.654 -5.561 -5.811
0.009 -0.22295 10.00000 0.9891877770 2.4706237316    0.773  3.121  3.5390  0.314    7  0.000  0.464     0.00     0.00     0.00     0.00     0.00 -1 -1.73e-07      0.00 7.130e-01 2.768e-01 1.360e-03 6.563e-04 3.912e-03 -1.000 1.026e-02 -3.032 2.882 1.026 -0.593 -1.867 -3.286 -4.770 -5.688 -5.947
0.009 -0.22295 10.00000 0.9891906977 2.4706244469    0.754  3.155  3.5338  0.247    7  0.000  0.464     0.00     0.00     0.00     0.00     0.00 -1 -2.16e-07      0.00 7.130e-01 2.768e-01 1.360e-03 6.563e-04 3.912e-03 -1.000 1.026e-02 -3.118 2.919 1.145 -0.450 -1.797 -3.313 -4.873 -5.798 -6.067
0.009 -0.22295 10.00000 0.9891913533 2.4706244469    0.749  3.161  3.5328  0.234    7  0.000  0.464     0.00     0.00     0.00     0.00     0.00 -1 -2.27e-07      0.00 7.130e-01 2.768e-01 1.360e-03 6.563e-04 3.912e-03 -1.000 1.026e-02 -3.132 2.928 1.170 -0.421 -1.782 -3.316 -4.891 -5.817 -6.088
0.009 -0.22295 10.00000 0.9891917706 2.4706246853    0.745  3.152  3.5338  0.245    7  0.000  0.464     0.00     0.00     0.00     0.00     0.00 -1 -2.22e-07      0.00 7.130e-01 2.768e-01 1.360e-03 6.563e-04 3.912e-03 -1.000 1.026e-02 -3.111 2.927 1.151 -0.446 -1.792 -3.307 -4.867 -5.791 -6.060
0.009 -0.22295 10.00000 0.9891918302 2.4706246853    0.745  3.141  3.5353  0.262    7  0.000  0.464     0.00     0.00     0.00     0.00     0.00 -1 -2.12e-07      0.00 7.130e-01 2.768e-01 1.360e-03 6.563e-04 3.912e-03 -1.000 1.026e-02 -3.083 2.922 1.122 -0.482 -1.808 -3.296 -4.834 -5.756 -6.022
0.009 -0.22295 10.00000 0.9891918898 2.4706246853    0.744  3.149  3.5343  0.250    7  0.000  0.463     0.00     0.00     0.00     0.00     0.00 -1  -2.2e-07      0.00 7.130e-01 2.768e-01 1.360e-03 6.565e-04 3.912e-03 -1.000 1.025e-02 -3.102 2.926 1.142 -0.457 -1.797 -3.303 -4.856 -5.780 -6.048
0.009 -0.22295 10.00000 0.9891919494 2.4706246853    0.744  3.143  3.5350  0.258    7  0.000  0.463     0.00     0.00     0.00     0.00     0.00 -1 -2.15e-07      0.00 7.130e-01 2.768e-01 1.360e-03 6.565e-04 3.912e-03 -1.000 1.025e-02 -3.089 2.923 1.128 -0.475 -1.805 -3.298 -4.840 -5.763 -6.030
0.009 -0.22295 10.00000 0.9891921878 2.4706246853    0.742  3.144  3.5349  0.256    7  0.000  0.463     0.00     0.00     0.00     0.00     0.00 -1 -2.17e-07      0.00 7.130e-01 2.768e-01 1.360e-03 6.565e-04 3.912e-03 -1.000 1.025e-02 -3.090 2.925 1.131 -0.472 -1.803 -3.298 -4.842 -5.765 -6.032
0.009 -0.22295 10.00000 0.9891923666 2.4706246853    0.740  3.142  3.5352  0.258    7  0.000  0.463     0.00     0.00     0.00     0.00     0.00 -1 -2.18e-07      0.00 7.130e-01 2.768e-01 1.360e-03 6.565e-04 3.912e-03 -1.000 1.025e-02 -3.085 2.925 1.126 -0.478 -1.806 -3.296 -4.836 -5.758 -6.025
0.009 -0.22295 10.00000 0.9891925454 2.4706246853    0.739  3.140  3.5354  0.260    7  0.000  0.463     0.00     0.00     0.00     0.00     0.00 -1 -2.18e-07      0.00 7.130e-01 2.768e-01 1.360e-03 6.565e-04 3.912e-03 -1.000 1.025e-02 -3.081 2.926 1.123 -0.482 -1.808 -3.294 -4.832 -5.754 -6.020
0.009 -0.22295 10.00000 0.9891927242 2.4706249237    0.738  3.162  3.5324  0.225    7  0.000  0.463     0.00     0.00     0.00     0.00     0.00 -1  -2.4e-07      0.00 7.130e-01 2.768e-01 1.360e-03 6.565e-04 3.912e-03 -1.000 1.025e-02 -3.136 2.939 1.186 -0.404 -1.771 -3.314 -4.896 -5.822 -6.094
0.009 -0.22295 10.00000 0.9891929030 2.4706249237    0.736  3.190  3.5286  0.182    7  0.000  0.463     0.00     0.00     0.00     0.00     0.00 -1  -2.7e-07      0.00 7.130e-01 2.768e-01 1.360e-03 6.566e-04 3.912e-03 -1.000 1.025e-02 -3.204 2.955 1.276 -0.293 -1.719 -3.332 -4.977 -5.908 -6.187
0.009 -0.22295 10.00000 0.9891931415 2.4706249237    0.733  3.217  3.5248  0.138    7  0.000  0.463     0.00     0.00     0.00     0.00     0.00 -1 -3.05e-07      0.00 7.130e-01 2.768e-01 1.360e-03 6.566e-04 3.912e-03 -1.000 1.025e-02 -3.272 2.972 1.386 -0.157 -1.652 -3.334 -5.058 -5.992 -6.279
0.009 -0.22295 10.00000 0.9891934991 2.4706249237    0.729  3.246  3.5206  0.089    7  0.000  0.463     0.00     0.00     0.00     0.00     0.00 -1 -3.52e-07      0.00 7.130e-01 2.768e-01 1.360e-03 6.567e-04 3.912e-03 -1.000 1.025e-02 -3.346 2.995 1.514 0.001 -1.574 -3.334 -5.145 -6.085 -6.381
0.009 -0.22295 10.00000 0.9891939163 2.4706251621    0.724  3.285  3.5150  0.025    7  0.525  0.463     0.00     0.00     0.00     0.00     0.00 -1 -4.21e-07      0.00 7.130e-01 2.768e-01 1.359e-03 6.572e-04 3.912e-03 -1.000 1.025e-02 -3.442 3.021 1.715 0.262 -1.441 -3.295 -5.259 -6.204 -6.512
0.009 -0.22295 10.00000 0.9891944528 2.4706251621    0.714  3.324  3.5092 -0.043    7  0.521  0.463     0.00     0.00     0.00     0.00     0.00 -1 -5.15e-07      0.01 7.130e-01 2.768e-01 1.358e-03 6.580e-04 3.912e-03 -1.000 1.025e-02 -3.540 3.052 1.932 0.544 -1.298 -3.247 -5.377 -6.326 -6.647
0.009 -0.22295 10.00000 0.9891949296 2.4706254005    0.703  3.348  3.5056 -0.088    8  0.521  0.484   203.04    91.25    56.95    46.08    37.50  0 -5.95e-07      0.01 7.130e-01 2.781e-01 1.424e-03 6.596e-04 3.921e-03 -1.000 8.899e-03 -3.600 3.074 2.067 0.716 -1.211 -3.208 -5.448 -6.400 -6.728
0.009 -0.22295 10.00000 0.9891949892 2.4706254005    0.702  3.078  3.5417  0.325    8  0.521  0.484    78.53    43.20    27.88    22.31    18.12  1 -1.95e-07      0.00 7.130e-01 2.781e-01 1.424e-03 6.596e-04 3.921e-03 -1.000 8.899e-03 -2.924 2.946 1.043 -0.592 -1.835 -3.204 -4.655 -5.567 -5.823
0.009 -0.22295 10.00000 0.9891950488 2.4706254005    0.699  2.942  3.5615  0.538    8  0.521  0.484    49.06    29.35    19.27    15.34    12.45  1  -1.1e-07      0.00 7.130e-01 2.781e-01 1.424e-03 6.596e-04 3.921e-03 -1.000 8.899e-03 -2.586 2.815 0.759 -0.912 -1.963 -3.002 -4.259 -5.130 -5.355
0.009 -0.22295 10.00000 0.9891952276 2.4706254005    0.694  2.781  3.5855  0.793    8  0.521  0.484    28.43    18.49    12.40     9.80     7.94  1 -5.49e-08      0.00 7.130e-01 2.781e-01 1.424e-03 6.596e-04 3.921e-03 -1.000 8.899e-03 -2.181 2.573 0.618 -0.991 -1.904 -2.694 -3.801 -4.606 -4.794
0.009 -0.22295 10.00000 0.9891954660 2.4706254005    0.688  2.806  3.5825  0.751    8  0.521  0.484    31.00    19.89    13.29    10.52     8.53  1 -6.36e-08      0.00 7.130e-01 2.781e-01 1.424e-03 6.596e-04 3.921e-03 -1.000 8.899e-03 -2.245 2.606 0.618 -1.008 -1.936 -2.748 -3.871 -4.685 -4.877
0.009 -0.22295 10.00000 0.9891957641 2.4706254005    0.679  2.938  3.5643  0.541    8  0.522  0.484    48.58    28.99    19.03    15.16    12.30  1 -1.19e-07      0.00 7.130e-01 2.781e-01 1.424e-03 6.596e-04 3.921e-03 -1.000 8.899e-03 -2.575 2.780 0.709 -0.966 -2.001 -3.003 -4.242 -5.105 -5.326
0.009 -0.22295 10.00000 0.9891961813 2.4706256390    0.669  3.104  3.5414  0.277    8  0.522  0.484    86.96    46.53    29.89    24.00    19.49  1 -2.55e-07      0.00 7.130e-01 2.781e-01 1.424e-03 6.596e-04 3.921e-03 -1.000 8.899e-03 -2.989 2.932 1.011 -0.637 -1.888 -3.265 -4.721 -5.632 -5.890
0.009 -0.22295 10.00000 0.9891965985 2.4706256390    0.657  3.239  3.5230  0.060    8  0.522  0.484   142.56    68.57    43.28    34.96    28.42  1 -4.75e-07      0.01 7.130e-01 2.781e-01 1.424e-03 6.596e-04 3.921e-03 -1.000 8.899e-03 -3.328 3.023 1.456 -0.091 -1.632 -3.353 -5.119 -6.054 -6.349
0.009 -0.22295 10.00000 0.9891971350 2.4706258774    0.643  3.326  3.5117 -0.081    8  0.522  0.484   197.97    88.04    54.92    44.56    36.24  0 -7.28e-07      0.01 7.130e-01 2.781e-01 1.424e-03 6.596e-04 3.921e-03 -1.000 8.899e-03 -3.546 3.083 1.854 0.417 -1.386 -3.305 -5.372 -6.319 -6.639
0.009 -0.22295 10.00000 0.9891976714 2.4706258774    0.628  3.373  3.5066 -0.158    8  0.523  0.484   237.20   100.58    62.33    50.72    41.25  0  -9.5e-07      0.02 7.130e-01 2.781e-01 1.424e-03 6.596e-04 3.921e-03 -1.000 8.899e-03 -3.662 3.120 2.048 0.659 -1.276 -3.275 -5.502 -6.454 -6.787
0.009 -0.22295 10.00000 0.9891983271 2.4706261158    0.611  3.395  3.5051 -0.198    8  0.523  0.484   260.48   107.39    66.31    54.07    43.97  0 -1.14e-06      0.02 7.130e-01 2.781e-01 1.424e-03 6.596e-04 3.921e-03 -1.000 8.899e-03 -3.717 3.152 2.115 0.730 -1.253 -3.278 -5.559 -6.513 -6.854
0.009 -0.22295 10.00000 0.9891990423 2.4706261158    0.594  3.409  3.5075 -0.215    8  0.524  0.484   270.74   109.90    67.75    55.32    44.98  0 -1.33e-06      0.03 7.130e-01 2.781e-01 1.424e-03 6.596e-04 3.921e-03 -1.000 8.899e-03 -3.752 3.156 2.018 0.589 -1.359 -3.361 -5.580 -6.534 -6.876
0.009 -0.22295 10.00000 0.9891990423 2.4706261158    0.593  3.196  3.5356  0.109    8  0.524  0.484   126.23    61.13    38.69    31.32    25.43  0 -5.55e-07      0.01 7.130e-01 2.781e-01 1.424e-03 6.596e-04 3.921e-03 -1.000 8.899e-03 -3.221 2.947 1.060 -0.595 -1.938 -3.429 -4.971 -5.888 -6.163
0.009 -0.22295 10.00000 0.9891991019 2.4706261158    0.593  3.010  3.5624  0.402    8  0.524  0.484    65.02    35.99    23.33    18.74    15.19  1 -2.53e-07      0.00 7.130e-01 2.781e-01 1.424e-03 6.596e-04 3.921e-03 -1.000 8.899e-03 -2.756 2.758 0.624 -1.088 -2.146 -3.175 -4.431 -5.293 -5.522
0.009 -0.22295 10.00000 0.9891991019 2.4706261158    0.591  2.846  3.5866  0.663    8  0.524  0.484    36.72    22.46    14.87    11.86     9.61  1 -1.23e-07      0.00 7.130e-01 2.781e-01 1.424e-03 6.596e-04 3.921e-03 -1.000 8.899e-03 -2.344 2.495 0.472 -1.164 -2.079 -2.861 -3.966 -4.761 -4.951
0.009 -0.22295 10.00000 0.9891992211 2.4706261158    0.589  2.867  3.5837  0.628    8  0.524  0.484    39.55    23.88    15.77    12.59    10.20  1 -1.37e-07      0.00 7.130e-01 2.781e-01 1.424e-03 6.596e-04 3.921e-03 -1.000 8.899e-03 -2.398 2.531 0.479 -1.172 -2.101 -2.905 -4.025 -4.829 -5.024
0.009 -0.22295 10.00000 0.9891992807 2.4706263542    0.587  2.992  3.5652  0.427    8  0.524  0.484    61.48    34.32    22.29    17.90    14.51  1 -2.41e-07      0.00 7.130e-01 2.781e-01 1.424e-03 6.596e-04 3.921e-03 -1.000 8.899e-03 -2.711 2.737 0.599 -1.110 -2.149 -3.142 -4.379 -5.234 -5.458
0.009 -0.22295 10.00000 0.9891993999 2.4706263542    0.584  3.150  3.5411  0.171    8  0.524  0.484   109.45    54.45    34.64    28.01    22.73  1 -4.79e-07      0.01 7.130e-01 2.781e-01 1.424e-03 6.596e-04 3.921e-03 -1.000 8.899e-03 -3.105 2.934 0.960 -0.721 -1.988 -3.374 -4.838 -5.746 -6.011
0.009 -0.22295 10.00000 0.9891995192 2.4706263542    0.580  3.277  3.5212 -0.039    8  0.524  0.484   177.85    79.42    49.65    40.38    32.80  0 -8.26e-07      0.01 7.130e-01 2.781e-01 1.424e-03 6.596e-04 3.921e-03 -1.000 8.899e-03 -3.423 3.087 1.520 -0.043 -1.640 -3.403 -5.215 -6.153 -6.459
0.009 -0.22295 10.00000 0.9891996384 2.4706263542    0.576  3.356  3.5090 -0.169    8  0.524  0.484   242.20   100.39    62.10    50.69    41.20  0 -1.16e-06      0.03 7.130e-01 2.781e-01 1.424e-03 6.596e-04 3.921e-03 -1.000 8.899e-03 -3.620 3.200 2.024 0.590 -1.308 -3.283 -5.446 -6.399 -6.734
0.009 -0.22295 10.00000 0.9891998172 2.4706263542    0.572  3.394  3.5042 -0.230    8  0.524  0.484   279.68   111.72    68.76    56.24    45.71  0 -1.39e-06      0.04 7.130e-01 2.781e-01 1.424e-03 6.596e-04 3.921e-03 -1.000 8.899e-03 -3.714 3.254 2.225 0.836 -1.186 -3.231 -5.551 -6.509 -6.858
0.009 -0.22295 10.00000 0.9891999960 2.4706263542    0.567  3.406  3.5047 -0.244    8  0.524  0.484   289.69   114.49    70.38    57.60    46.82  0 -1.51e-06      0.04 7.130e-01 2.781e-01 1.424e-03 6.596e-04 3.921e-03 -1.000 8.899e-03 -3.746 3.254 2.199 0.796 -1.225 -3.268 -5.579 -6.538 -6.888
0.009 -0.22295 10.00000 0.9892001748 2.4706263542    0.561  3.410  3.5415 -0.105    8  0.524  0.484   207.36    88.69    55.14    44.97    36.53  0 -1.73e-06      0.04 7.130e-01 2.781e-01 1.424e-03 6.596e-04 3.921e-03 -1.000 8.899e-03 -3.755 2.717 0.550 -1.251 -2.574 -3.977 -5.472 -6.379 -6.675
0.009 -0.22295 10.00000 0.9892014265 2.4706265926    0.524 -9.999  4.0000  1.892    9  0.525  0.000     0.00     0.00     0.00     0.00     0.00 -1    -1e-30      0.00 7.130e-01 2.781e-01 1.424e-03 6.596e-04 3.921e-03 -1.000 8.899e-03 29.767 29.717 29.982 30.037 30.032 30.031 30.088 30.089 30.108
#isochrone terminated
