# File generated by CMD 3.4 (http://stev.oapd.inaf.it/cmd) on Tue May 25 07:59:01 CEST 2021
# isochrones based on PARSEC release v1.2S +  COLIBRI S_37 + S_35 + PR16
# Basic references: Bressan et al. (2012), MNRAS, 427, 127 + Chen et al. (2014, 2015), MNRAS, 444, 2525 + MNRAS, 452, 1068 + Tang et al. (2014), MNRAS, 445, 4287 + Marigo et al. (2017), ApJ, 835, 77 + Pastorelli al. (2019), MNRAS, 485, 5666 + Pastorelli al. (2020), MNRAS, in press
# Thermal pulse cycles included 
# On RGB, assumed Reimers mass loss with efficiency eta=0.2
# LPV periods and growth rates added cf. Trabucchi et al. (2019)
# Photometric system: <i>UBVRIJHK</i> (cf. Maiz-Apellaniz 2006 + Bessell 1990)
# Using YBC version of bolometric corrections as in Chen et al. (2019)
# O-rich circumstellar dpmod60alox40 dust from Groenewegen (2006)
# C-rich circumstellar AMCSIC15 dust from Groenewegen (2006)
# IMF: Kroupa (2001, 2002) + Kroupa et al. (2013) canonical two-part-power law IMF corrected for unresolved binaries 
# Kind of output: isochrone tables
# Zini     MH   logAge Mini        int_IMF         Mass   logL    logTe  logg  label   McoreTP C_O  period0  period1  period2  period3  period4  pmode  Mloss  tau1m   X   Y   Xc  Xn  Xo  Cexcess  Z 	 mbolmag  Umag    Bmag    Vmag    Rmag    Imag    Jmag    Hmag    Kmag
0.001 -1.19029 10.00000 0.0900000036 1.0816895962    0.090 -3.213  3.4567  5.384    1  0.000  0.545     0.00     0.00     0.00     0.00     0.00 -1 -5.22e-17      0.00 7.471e-01 2.519e-01 1.798e-04 4.851e-05 4.400e-04 -1.000 1.000e-03 12.802 20.836 18.063 16.057 14.146 12.265 10.772 10.407 10.269
0.001 -1.19029 10.00000 0.0984169319 1.1577447653    0.098 -2.996  3.4875  5.329    1  0.000  0.545     0.00     0.00     0.00     0.00     0.00 -1 -8.75e-17      0.00 7.461e-01 2.529e-01 1.798e-04 4.851e-05 4.400e-04 -1.000 1.000e-03 12.261 18.892 16.623 14.689 13.178 11.649 10.334 9.865 9.708
0.001 -1.19029 10.00000 0.1000000015 1.1711064577    0.100 -2.958  3.4931  5.320    1  0.000  0.545     0.00     0.00     0.00     0.00     0.00 -1 -9.59e-17      0.00 7.459e-01 2.531e-01 1.798e-04 4.851e-05 4.400e-04 -1.000 1.000e-03 12.164 18.560 16.380 14.464 13.010 11.543 10.256 9.773 9.611
0.001 -1.19029 10.00000 0.1045033932 1.2076601982    0.104 -2.889  3.5010  5.302    1  0.000  0.545     0.00     0.00     0.00     0.00     0.00 -1 -1.12e-16      0.00 7.454e-01 2.536e-01 1.798e-04 4.851e-05 4.400e-04 -1.000 1.000e-03 11.993 18.062 16.006 14.123 12.743 11.359 10.110 9.610 9.441
0.001 -1.19029 10.00000 0.1199999973 1.3193154335    0.120 -2.674  3.5258  5.246    1  0.000  0.545     0.00     0.00     0.00     0.00     0.00 -1 -1.83e-16      0.00 7.440e-01 2.550e-01 1.798e-04 4.851e-05 4.400e-04 -1.000 9.999e-04 11.455 16.585 14.888 13.139 11.937 10.792 9.652 9.111 8.924
0.001 -1.19029 10.00000 0.1400000006 1.4384527206    0.140 -2.493  3.5421  5.197    1  0.000  0.545     0.00     0.00     0.00     0.00     0.00 -1 -2.72e-16      0.00 7.426e-01 2.564e-01 1.798e-04 4.851e-05 4.400e-04 -1.000 1.000e-03 11.002 15.607 14.103 12.461 11.341 10.323 9.249 8.691 8.496
0.001 -1.19029 10.00000 0.1599999964 1.5372931957    0.160 -2.354  3.5525  5.158    1  0.000  0.545     0.00     0.00     0.00     0.00     0.00 -1 -3.67e-16      0.00 7.414e-01 2.576e-01 1.798e-04 4.851e-05 4.400e-04 -1.000 1.000e-03 10.655 14.955 13.561 11.989 10.914 9.969 8.933 8.368 8.169
0.001 -1.19029 10.00000 0.2000000179 1.6938792467    0.200 -2.135  3.5667  5.092    1  0.000  0.545     0.00     0.00     0.00     0.00     0.00 -1 -5.86e-16      0.00 7.401e-01 2.589e-01 1.798e-04 4.851e-05 4.400e-04 -1.000 1.000e-03 10.107 14.021 12.767 11.288 10.271 9.415 8.428 7.855 7.650
0.001 -1.19029 10.00000 0.2500000298 1.8403259516    0.250 -1.930  3.5779  5.029    1  0.000  0.545     0.00     0.00     0.00     0.00     0.00 -1 -6.47e-16      0.00 7.397e-01 2.593e-01 1.798e-04 4.851e-05 4.400e-04 -1.000 1.000e-03 9.595 13.232 12.076 10.669 9.696 8.898 7.949 7.371 7.164
0.001 -1.19029 10.00000 0.3000000417 1.9529141188    0.300 -1.772  3.5864  4.984    1  0.000  0.545     0.00     0.00     0.00     0.00     0.00 -1 -1.25e-15      0.00 7.398e-01 2.592e-01 1.798e-04 4.851e-05 4.400e-04 -1.000 1.000e-03 9.200 12.640 11.555 10.201 9.261 8.500 7.578 6.997 6.792
0.001 -1.19029 10.00000 0.3500000238 2.0434176922    0.350 -1.644  3.5935  4.952    1  0.000  0.545     0.00     0.00     0.00     0.00     0.00 -1 -1.61e-15      0.00 7.482e-01 2.508e-01 1.798e-04 4.851e-05 4.400e-04 -1.000 1.000e-03 8.879 12.164 11.134 9.821 8.911 8.177 7.277 6.694 6.492
0.001 -1.19029 10.00000 0.4000000358 2.1185026169    0.400 -1.494  3.6045  4.904    1  0.000  0.545     0.00     0.00     0.00     0.00     0.00 -1 -2.25e-15      0.00 7.489e-01 2.501e-01 1.798e-04 4.851e-05 4.400e-04 -1.000 1.000e-03 8.506 11.568 10.613 9.364 8.497 7.800 6.932 6.345 6.155
0.001 -1.19029 10.00000 0.4500000179 2.1822810173    0.450 -1.319  3.6216  4.848    1  0.000  0.545     0.00     0.00     0.00     0.00     0.00 -1 -3.39e-15      0.00 7.489e-01 2.501e-01 1.798e-04 4.851e-05 4.400e-04 -1.000 1.000e-03 8.067 10.809 9.957 8.804 8.003 7.358 6.538 5.944 5.777
0.001 -1.19029 10.00000 0.5000000000 2.2374541759    0.500 -1.118  3.6496  4.805    1  0.000  0.545     0.00     0.00     0.00     0.00     0.00 -1 -5.37e-15      0.00 7.489e-01 2.501e-01 1.798e-04 4.851e-05 4.400e-04 -1.000 1.000e-03 7.564 9.803 9.120 8.116 7.421 6.857 6.108 5.523 5.396
0.001 -1.19029 10.00000 0.5500000715 2.2836585045    0.550 -0.902  3.6803  4.753    1  0.000  0.544     0.00     0.00     0.00     0.00     0.00 -1 -8.92e-15      0.00 7.778e-01 2.213e-01 1.605e-04 4.333e-05 3.931e-04 -1.000 9.000e-04 7.025 8.682 8.250 7.392 6.811 6.324 5.665 5.137 5.037
0.001 -1.19029 10.00000 0.6000000238 2.3211214542    0.600 -0.703  3.7078  4.702    1  0.000  0.544     0.00     0.00     0.00     0.00     0.00 -1 -1.43e-14      0.00 7.856e-01 2.136e-01 1.556e-04 4.201e-05 3.813e-04 -1.000 8.324e-04 6.527 7.715 7.526 6.770 6.275 5.838 5.269 4.814 4.730
0.001 -1.19029 10.00000 0.6117599010 2.3289160728    0.611 -0.655  3.7152  4.692    1  0.000  0.544     0.00     0.00     0.00     0.00     0.00 -1  -1.6e-14      0.00 7.876e-01 2.115e-01 1.543e-04 4.167e-05 3.783e-04 -1.000 8.681e-04 6.407 7.488 7.356 6.626 6.149 5.725 5.177 4.740 4.661
0.001 -1.19029 10.00000 0.6281669736 2.3392322063    0.628 -0.588  3.7253  4.677    1  0.000  0.544     0.00     0.00     0.00     0.00     0.00 -1 -1.88e-14      0.00 7.905e-01 2.086e-01 1.525e-04 4.119e-05 3.739e-04 -1.000 8.763e-04 6.240 7.183 7.124 6.430 5.977 5.569 5.051 4.637 4.563
0.001 -1.19029 10.00000 0.6436324120 2.3484044075    0.643 -0.525  3.7347  4.662    1  0.000  0.543     0.00     0.00     0.00     0.00     0.00 -1 -2.18e-14      0.00 7.933e-01 2.058e-01 1.506e-04 4.071e-05 3.697e-04 -1.000 8.611e-04 6.082 6.911 6.912 6.250 5.818 5.424 4.932 4.539 4.469
0.001 -1.19029 10.00000 0.6499999762 2.3520355225    0.650 -0.499  3.7385  4.656    1  0.000  0.543     0.00     0.00     0.00     0.00     0.00 -1 -2.32e-14      0.00 7.945e-01 2.046e-01 1.499e-04 4.051e-05 3.678e-04 -1.000 9.000e-04 6.017 6.803 6.826 6.178 5.752 5.365 4.882 4.497 4.430
0.001 -1.19029 10.00000 0.6527972221 2.3536047935    0.653 -0.488  3.7400  4.652    1  0.000  0.543     0.00     0.00     0.00     0.00     0.00 -1 -2.38e-14      0.00 7.952e-01 2.039e-01 1.495e-04 4.040e-05 3.669e-04 -1.000 8.969e-04 5.989 6.758 6.790 6.146 5.724 5.339 4.860 4.478 4.412
0.001 -1.19029 10.00000 0.6693354249 2.3625757694    0.669 -0.420  3.7489  4.631    1  0.000  0.543     0.00     0.00     0.00     0.00     0.00 -1 -2.82e-14      0.00 7.991e-01 2.001e-01 1.471e-04 3.975e-05 3.611e-04 -1.000 8.147e-04 5.820 6.495 6.574 5.961 5.559 5.188 4.732 4.365 4.305
0.001 -1.19029 10.00000 0.6846888661 2.3704595566    0.685 -0.357  3.7569  4.610    1  0.000  0.543     0.00     0.00     0.00     0.00     0.00 -1  -3.3e-14      0.00 8.029e-01 1.963e-01 1.447e-04 3.911e-05 3.553e-04 -1.000 8.000e-04 5.662 6.258 6.375 5.792 5.406 5.049 4.612 4.258 4.204
0.001 -1.19029 10.00000 0.6988106370 2.3773603439    0.699 -0.298  3.7641  4.589    1  0.000  0.542     0.00     0.00     0.00     0.00     0.00 -1 -3.84e-14      0.00 8.067e-01 1.925e-01 1.422e-04 3.848e-05 3.496e-04 -1.000 8.001e-04 5.516 6.048 6.194 5.637 5.266 4.920 4.499 4.157 4.108
0.001 -1.19029 10.00000 0.6999999881 2.3779268265    0.700 -0.293  3.7646  4.587    1  0.000  0.542     0.00     0.00     0.00     0.00     0.00 -1 -3.88e-14      0.00 8.070e-01 1.922e-01 1.420e-04 3.843e-05 3.492e-04 -1.000 8.000e-04 5.503 6.031 6.178 5.624 5.254 4.909 4.489 4.148 4.100
0.001 -1.19029 10.00000 0.7093803287 2.3823189735    0.709 -0.253  3.7691  4.571    1  0.000  0.541     0.00     0.00     0.00     0.00     0.00 -1 -4.31e-14      0.00 8.102e-01 1.890e-01 1.397e-04 3.788e-05 3.443e-04 -1.000 8.000e-04 5.403 5.895 6.058 5.520 5.159 4.821 4.411 4.077 4.032
0.001 -1.19029 10.00000 0.7197085023 2.3870029449    0.719 -0.209  3.7739  4.551    1  0.000  0.539     0.00     0.00     0.00     0.00     0.00 -1 -4.85e-14      0.00 8.139e-01 1.853e-01 1.369e-04 3.725e-05 3.387e-04 -1.000 7.874e-04 5.291 5.747 5.925 5.404 5.052 4.722 4.323 3.997 3.956
0.001 -1.19029 10.00000 0.7294663787 2.3912885189    0.729 -0.166  3.7782  4.531    1  0.000  0.537     0.00     0.00     0.00     0.00     0.00 -1 -5.44e-14      0.00 8.176e-01 1.816e-01 1.343e-04 3.661e-05 3.332e-04 -1.000 7.573e-04 5.184 5.607 5.797 5.293 4.950 4.627 4.238 3.918 3.880
0.001 -1.19029 10.00000 0.7387537956 2.3952465057    0.738 -0.124  3.7822  4.511    1  0.000  0.536     0.00     0.00     0.00     0.00     0.00 -1 -6.09e-14      0.00 8.214e-01 1.779e-01 1.316e-04 3.597e-05 3.275e-04 -1.000 7.219e-04 5.079 5.477 5.676 5.186 4.851 4.534 4.153 3.840 3.805
0.001 -1.19029 10.00000 0.7477690578 2.3989808559    0.747 -0.082  3.7860  4.490    1  0.000  0.534     0.00     0.00     0.00     0.00     0.00 -1 -6.82e-14      0.00 8.252e-01 1.741e-01 1.289e-04 3.531e-05 3.216e-04 -1.000 7.000e-04 4.975 5.353 5.557 5.080 4.752 4.441 4.068 3.760 3.727
0.001 -1.19029 10.00000 0.7500000000 2.3998889923    0.750 -0.072  3.7869  4.484    1  0.000  0.534     0.00     0.00     0.00     0.00     0.00 -1 -7.03e-14      0.00 8.262e-01 1.731e-01 1.282e-04 3.514e-05 3.201e-04 -1.000 7.001e-04 4.949 5.322 5.527 5.053 4.726 4.417 4.046 3.739 3.707
0.001 -1.19029 10.00000 0.7584627271 2.4032781124    0.758 -0.031  3.7899  4.460    1  0.000  0.533     0.00     0.00     0.00     0.00     0.00 -1 -7.88e-14      0.00 8.307e-01 1.686e-01 1.255e-04 3.444e-05 3.139e-04 -1.000 7.000e-04 4.848 5.206 5.413 4.950 4.630 4.325 3.960 3.658 3.628
0.001 -1.19029 10.00000 0.7683451176 2.4071276188    0.768  0.018  3.7933  4.431    1  0.000  0.533     0.00     0.00     0.00     0.00     0.00 -1 -9.06e-14      0.00 8.357e-01 1.636e-01 1.227e-04 3.368e-05 3.072e-04 -1.000 7.001e-04 4.726 5.068 5.277 4.825 4.512 4.213 3.855 3.559 3.531
0.001 -1.19029 10.00000 0.7772687078 2.4105067253    0.777  0.064  3.7963  4.402    1  0.000  0.532     0.00     0.00     0.00     0.00     0.00 -1 -1.04e-13      0.00 8.400e-01 1.593e-01 1.203e-04 3.306e-05 3.017e-04 -1.000 7.000e-04 4.610 4.939 5.148 4.707 4.400 4.106 3.755 3.464 3.439
0.001 -1.19029 10.00000 0.7856404185 2.4135968685    0.785  0.109  3.7991  4.372    1  0.000  0.531     0.00     0.00     0.00     0.00     0.00 -1 -1.18e-13      0.00 8.437e-01 1.556e-01 1.184e-04 3.254e-05 2.971e-04 -1.000 7.000e-04 4.496 4.814 5.022 4.591 4.289 4.000 3.655 3.370 3.345
0.001 -1.19029 10.00000 0.7938137650 2.4165415764    0.793  0.156  3.8017  4.340    1  0.000  0.531     0.00     0.00     0.00     0.00     0.00 -1 -1.36e-13      0.00 8.470e-01 1.523e-01 1.168e-04 3.211e-05 2.933e-04 -1.000 6.999e-04 4.379 4.688 4.894 4.471 4.174 3.890 3.551 3.270 3.247
0.001 -1.19029 10.00000 0.8000000119 2.4187245369    0.799  0.194  3.8035  4.313    1  0.000  0.531     0.00     0.00     0.00     0.00     0.00 -1 -1.52e-13      0.00 8.492e-01 1.501e-01 1.158e-04 3.184e-05 2.909e-04 -1.000 7.000e-04 4.286 4.590 4.792 4.376 4.083 3.802 3.467 3.189 3.167
0.001 -1.19029 10.00000 0.8015943170 2.4192807674    0.801  0.203  3.8040  4.306    1  0.000  0.530     0.00     0.00     0.00     0.00     0.00 -1 -1.57e-13      0.00 8.494e-01 1.499e-01 1.158e-04 3.185e-05 2.910e-04 -1.000 7.008e-04 4.262 4.564 4.766 4.352 4.059 3.779 3.445 3.169 3.147
0.001 -1.19029 10.00000 0.8088246584 2.4217720032    0.808  0.249  3.8060  4.273    1  0.000  0.530     0.00     0.00     0.00     0.00     0.00 -1  -1.8e-13      0.00 8.500e-01 1.493e-01 1.159e-04 3.190e-05 2.916e-04 -1.000 7.000e-04 4.149 4.446 4.644 4.236 3.948 3.671 3.342 3.070 3.049
0.001 -1.19029 10.00000 0.8180099130 2.4248638153    0.817  0.310  3.8079  4.224    1  0.000  0.530     0.00     0.00     0.00     0.00     0.00 -1 -2.17e-13      0.00 8.500e-01 1.493e-01 1.165e-04 3.207e-05 2.932e-04 -1.000 7.000e-04 3.996 4.289 4.481 4.081 3.797 3.524 3.199 2.931 2.911
0.001 -1.19029 10.00000 0.8252069354 2.4272313118    0.824  0.362  3.8089  4.180    1  0.000  0.530     0.00     0.00     0.00     0.00     0.00 -1 -2.58e-13      0.00 8.486e-01 1.507e-01 1.178e-04 3.244e-05 2.965e-04 -1.000 7.000e-04 3.866 4.158 4.345 3.949 3.668 3.396 3.074 2.808 2.788
0.001 -1.19029 10.00000 0.8254272938 2.4273030758    0.824  0.363  3.8089  4.178    1  0.000  0.530     0.00     0.00     0.00     0.00     0.00 -1  -2.6e-13      0.00 8.485e-01 1.508e-01 1.179e-04 3.245e-05 2.966e-04 -1.000 7.001e-04 3.862 4.154 4.341 3.945 3.664 3.392 3.069 2.804 2.784
0.001 -1.19029 10.00000 0.8284799457 2.4282922745    0.827  0.388  3.8087  4.154    1  0.000  0.530     0.00     0.00     0.00     0.00     0.00 -1 -2.81e-13      0.00 8.479e-01 1.514e-01 1.184e-04 3.261e-05 2.981e-04 -1.000 7.000e-04 3.800 4.094 4.278 3.882 3.601 3.330 3.006 2.741 2.721
0.001 -1.19029 10.00000 0.8347103000 2.4302854538    0.833  0.442  3.8073  4.098    1  0.000  0.530     0.00     0.00     0.00     0.00     0.00 -1 -3.37e-13      0.00 8.465e-01 1.528e-01 1.196e-04 3.294e-05 3.011e-04 -1.000 7.000e-04 3.666 3.967 4.146 3.748 3.465 3.192 2.865 2.597 2.577
0.001 -1.19029 10.00000 0.8399922252 2.4319486618    0.838  0.492  3.8044  4.039    1  0.000  0.530     0.00     0.00     0.00     0.00     0.00 -1 -4.05e-13      0.00 8.454e-01 1.539e-01 1.206e-04 3.321e-05 3.037e-04 -1.000 7.000e-04 3.539 3.852 4.028 3.622 3.334 3.057 2.724 2.451 2.429
0.001 -1.19029 10.00000 0.8410127163 2.4322671890    0.839  0.503  3.8037  4.026    1  0.000  0.530     0.00     0.00     0.00     0.00     0.00 -1 -4.21e-13      0.00 8.452e-01 1.541e-01 1.208e-04 3.327e-05 3.041e-04 -1.000 7.000e-04 3.513 3.830 4.004 3.597 3.308 3.029 2.695 2.420 2.398
0.001 -1.19029 10.00000 0.8442123532 2.4332602024    0.843  0.541  3.7988  3.970    2  0.000  0.530     0.00     0.00     0.00     0.00     0.00 -1 -4.88e-13      0.00 8.445e-01 1.548e-01 1.214e-04 3.343e-05 3.057e-04 -1.000 7.000e-04 3.418 3.753 3.925 3.505 3.207 2.921 2.576 2.292 2.268
0.001 -1.19029 10.00000 0.8475987911 2.4343018532    0.846  0.585  3.7906  3.895    2  0.000  0.530     0.00     0.00     0.00     0.00     0.00 -1 -5.88e-13      0.00 8.437e-01 1.556e-01 1.222e-04 3.363e-05 3.075e-04 -1.000 6.973e-04 3.307 3.678 3.844 3.400 3.088 2.789 2.424 2.126 2.097
0.001 -1.19029 10.00000 0.8499109149 2.4350078106    0.848  0.618  3.7811  3.825    2  0.000  0.530     0.00     0.00     0.00     0.00     0.00 -1 -6.88e-13      0.00 8.364e-01 1.629e-01 1.267e-04 3.488e-05 3.188e-04 -1.000 6.999e-04 3.225 3.642 3.800 3.326 2.996 2.682 2.295 1.979 1.945
0.001 -1.19029 10.00000 0.8500000238 2.4350347519    0.848  0.619  3.7807  3.822    2  0.000  0.530     0.00     0.00     0.00     0.00     0.00 -1 -6.92e-13      0.00 8.354e-01 1.639e-01 1.273e-04 3.503e-05 3.202e-04 -1.000 7.020e-04 3.221 3.641 3.798 3.323 2.992 2.677 2.290 1.973 1.939
0.001 -1.19029 10.00000 0.8513768911 2.4354529381    0.850  0.639  3.7726  3.771    2  0.000  0.532     0.00     0.00     0.00     0.00     0.00 -1 -7.67e-13      0.00 8.116e-01 1.876e-01 1.412e-04 3.876e-05 3.535e-04 -1.000 7.605e-04 3.173 3.641 3.786 3.283 2.938 2.610 2.203 1.871 1.832
0.001 -1.19029 10.00000 0.8525517583 2.4358084202    0.851  0.656  3.7643  3.721    2  0.000  0.534     0.00     0.00     0.00     0.00     0.00 -1 -8.44e-13      0.00 7.900e-01 2.092e-01 1.536e-04 4.209e-05 3.833e-04 -1.000 8.423e-04 3.131 3.653 3.783 3.252 2.890 2.549 2.122 1.774 1.730
0.001 -1.19029 10.00000 0.8536153436 2.4361293316    0.852  0.675  3.7556  3.667    2  0.000  0.536     0.00     0.00     0.00     0.00     0.00 -1  -9.4e-13      0.00 7.773e-01 2.218e-01 1.609e-04 4.401e-05 4.004e-04 -1.000 9.001e-04 3.081 3.664 3.776 3.214 2.836 2.481 2.033 1.670 1.620
0.001 -1.19029 10.00000 0.8545760512 2.4364182949    0.853  0.704  3.7481  3.609    2  0.000  0.536     0.00     0.00     0.00     0.00     0.00 -1 -1.07e-12      0.00 7.700e-01 2.291e-01 1.650e-04 4.511e-05 4.101e-04 -1.000 9.372e-04 3.010 3.650 3.742 3.155 2.763 2.395 1.929 1.551 1.497
0.001 -1.19029 10.00000 0.8554600477 2.4366836548    0.853  0.744  3.7423  3.546    2  0.000  0.537     0.00     0.00     0.00     0.00     0.00 -1 -1.26e-12      0.00 7.655e-01 2.335e-01 1.674e-04 4.575e-05 4.158e-04 -1.000 9.961e-04 2.909 3.594 3.671 3.065 2.662 2.285 1.804 1.415 1.356
0.001 -1.19029 10.00000 0.8559514284 2.4368307590    0.854  0.771  3.7396  3.508    2  0.000  0.537     0.00     0.00     0.00     0.00     0.00 -1  -1.4e-12      0.00 7.635e-01 2.355e-01 1.684e-04 4.602e-05 4.183e-04 -1.000 9.878e-04 2.841 3.548 3.618 3.003 2.595 2.213 1.725 1.330 1.270
0.001 -1.19029 10.00000 0.8561773300 2.4368984699    0.854  0.786  3.7386  3.490    2  0.000  0.537     0.00     0.00     0.00     0.00     0.00 -1 -1.48e-12      0.00 7.626e-01 2.364e-01 1.687e-04 4.612e-05 4.192e-04 -1.000 9.901e-04 2.804 3.520 3.586 2.968 2.558 2.175 1.684 1.286 1.226
0.001 -1.19029 10.00000 0.8567752838 2.4370770454    0.855  0.827  3.7361  3.439    3  0.000  0.537     0.00     0.00     0.00     0.00     0.00 -1 -1.72e-12      0.00 7.604e-01 2.386e-01 1.696e-04 4.637e-05 4.213e-04 -1.000 9.721e-04 2.702 3.443 3.498 2.871 2.457 2.070 1.571 1.167 1.106
0.001 -1.19029 10.00000 0.8573536873 2.4372496605    0.855  0.870  3.7339  3.387    3  0.000  0.537     0.00     0.00     0.00     0.00     0.00 -1 -2.02e-12      0.00 7.585e-01 2.406e-01 1.703e-04 4.656e-05 4.231e-04 -1.000 9.332e-04 2.594 3.355 3.401 2.768 2.350 1.959 1.454 1.044 0.982
0.001 -1.19029 10.00000 0.8579120636 2.4374160767    0.856  0.916  3.7320  3.335    3  0.000  0.537     0.00     0.00     0.00     0.00     0.00 -1 -2.38e-12      0.00 7.565e-01 2.425e-01 1.709e-04 4.672e-05 4.245e-04 -1.000 9.862e-04 2.481 3.259 3.298 2.658 2.237 1.844 1.332 0.918 0.855
0.001 -1.19029 10.00000 0.8584905863 2.4375882149    0.856  0.967  3.7301  3.276    3  0.000  0.536     0.00     0.00     0.00     0.00     0.00 -1 -2.86e-12      0.00 7.544e-01 2.447e-01 1.713e-04 4.690e-05 4.257e-04 -1.000 9.175e-04 2.353 3.149 3.181 2.535 2.111 1.714 1.197 0.777 0.713
0.001 -1.19029 10.00000 0.8589738011 2.4377319813    0.857  1.013  3.7285  3.224    3  0.000  0.535     0.00     0.00     0.00     0.00     0.00 -1 -3.38e-12      0.00 7.525e-01 2.466e-01 1.713e-04 4.712e-05 4.266e-04 -1.000 9.356e-04 2.238 3.050 3.075 2.424 1.997 1.598 1.076 0.651 0.587
0.001 -1.19029 10.00000 0.8594634533 2.4378771782    0.857  1.063  3.7269  3.168    3  0.000  0.532     0.00     0.00     0.00     0.00     0.00 -1 -4.05e-12      0.00 7.505e-01 2.486e-01 1.707e-04 4.761e-05 4.275e-04 -1.000 9.686e-04 2.112 2.940 2.958 2.301 1.872 1.471 0.943 0.514 0.449
0.001 -1.19029 10.00000 0.8599055409 2.4380083084    0.857  1.112  3.7253  3.112    3  0.000  0.528     0.00     0.00     0.00     0.00     0.00 -1 -4.83e-12      0.00 7.487e-01 2.504e-01 1.695e-04 4.859e-05 4.281e-04 -1.000 9.512e-04 1.989 2.833 2.844 2.182 1.750 1.346 0.813 0.379 0.314
0.001 -1.19029 10.00000 0.8603323102 2.4381346703    0.858  1.164  3.7236  3.054    3  0.000  0.522     0.00     0.00     0.00     0.00     0.00 -1 -5.82e-12      0.00 7.470e-01 2.520e-01 1.679e-04 5.023e-05 4.286e-04 -1.000 9.683e-04 1.859 2.719 2.724 2.057 1.622 1.215 0.677 0.238 0.173
0.001 -1.19029 10.00000 0.8606948853 2.4382417202    0.858  1.212  3.7221  2.999    3  0.000  0.516     0.00     0.00     0.00     0.00     0.00 -1 -6.92e-12      0.00 7.457e-01 2.534e-01 1.661e-04 5.213e-05 4.290e-04 -1.000 9.219e-04 1.739 2.614 2.612 1.940 1.503 1.094 0.550 0.107 0.041
0.001 -1.19029 10.00000 0.8610278368 2.4383401871    0.858  1.261  3.7204  2.944    3  0.000  0.510     0.00     0.00     0.00     0.00     0.00 -1 -8.25e-12      0.00 7.445e-01 2.545e-01 1.644e-04 5.421e-05 4.293e-04 -1.000 9.504e-04 1.618 2.511 2.501 1.823 1.383 0.971 0.422 -0.026 -0.092
0.001 -1.19029 10.00000 0.8613325953 2.4384300709    0.858  1.309  3.7187  2.889    3  0.000  0.505     0.00     0.00     0.00     0.00     0.00 -1 -9.82e-12      0.00 7.436e-01 2.554e-01 1.627e-04 5.616e-05 4.295e-04 -1.000 1.000e-03 1.497 2.411 2.392 1.707 1.264 0.849 0.294 -0.158 -0.225
0.001 -1.19029 10.00000 0.8616189361 2.4385147095    0.859  1.358  3.7169  2.833    3  0.000  0.501     0.00     0.00     0.00     0.00     0.00 -1 -1.17e-11      0.00 7.428e-01 2.562e-01 1.615e-04 5.773e-05 4.297e-04 -1.000 9.742e-04 1.374 2.309 2.280 1.589 1.142 0.724 0.164 -0.294 -0.361
0.001 -1.19029 10.00000 0.8618603349 2.4385857582    0.859  1.404  3.7151  2.781    3  0.000  0.498     0.00     0.00     0.00     0.00     0.00 -1 -1.38e-11      0.00 7.424e-01 2.567e-01 1.607e-04 5.874e-05 4.299e-04 -1.000 9.407e-04 1.261 2.216 2.179 1.481 1.031 0.609 0.043 -0.419 -0.487
0.001 -1.19029 10.00000 0.8620927930 2.4386541843    0.859  1.451  3.7133  2.726    3  0.000  0.496     0.00     0.00     0.00     0.00     0.00 -1 -1.64e-11      0.00 7.419e-01 2.571e-01 1.600e-04 5.964e-05 4.299e-04 -1.000 9.861e-04 1.142 2.119 2.073 1.367 0.914 0.489 -0.083 -0.551 -0.620
0.001 -1.19029 10.00000 0.8623085618 2.4387178421    0.859  1.499  3.7114  2.670    3  0.000  0.495     0.00     0.00     0.00     0.00     0.00 -1 -1.96e-11      0.00 7.417e-01 2.573e-01 1.596e-04 6.014e-05 4.300e-04 -1.000 9.950e-04 1.022 2.020 1.965 1.252 0.795 0.367 -0.211 -0.685 -0.754
0.001 -1.19029 10.00000 0.8625022769 2.4387748241    0.859  1.547  3.7093  2.615    3  0.000  0.495     0.00     0.00     0.00     0.00     0.00 -1 -2.33e-11      0.00 7.416e-01 2.574e-01 1.595e-04 6.029e-05 4.300e-04 -1.000 1.000e-03 0.903 1.926 1.861 1.140 0.679 0.247 -0.338 -0.817 -0.887
0.001 -1.19029 10.00000 0.8626802564 2.4388270378    0.859  1.594  3.7073  2.559    3  0.000  0.494     0.00     0.00     0.00     0.00     0.00 -1 -2.77e-11      0.00 7.416e-01 2.574e-01 1.594e-04 6.033e-05 4.300e-04 -1.000 1.000e-03 0.785 1.832 1.757 1.029 0.563 0.128 -0.464 -0.949 -1.019
0.001 -1.19029 10.00000 0.8628334403 2.4388720989    0.859  1.638  3.7054  2.507    3  0.000  0.494     0.00     0.00     0.00     0.00     0.00 -1 -3.25e-11      0.00 7.416e-01 2.574e-01 1.594e-04 6.035e-05 4.300e-04 -1.000 1.000e-03 0.675 1.746 1.661 0.925 0.456 0.017 -0.581 -1.073 -1.144
0.001 -1.19029 10.00000 0.8629828095 2.4389159679    0.859  1.685  3.7033  2.452    3  0.000  0.494     0.00     0.00     0.00     0.00     0.00 -1 -3.86e-11      0.00 7.416e-01 2.574e-01 1.594e-04 6.038e-05 4.300e-04 -1.000 1.000e-03 0.558 1.659 1.560 0.814 0.340 -0.102 -0.707 -1.204 -1.275
0.001 -1.19029 10.00000 0.8631151915 2.4389548302    0.859  1.730  3.7012  2.398    3  0.000  0.494     0.00     0.00     0.00     0.00     0.00 -1 -4.56e-11      0.00 7.415e-01 2.575e-01 1.594e-04 6.040e-05 4.300e-04 -1.000 1.000e-03 0.444 1.577 1.463 0.707 0.228 -0.218 -0.829 -1.330 -1.403
0.001 -1.19029 10.00000 0.8632399440 2.4389915466    0.859  1.777  3.6989  2.343    3  0.000  0.494     0.00     0.00     0.00     0.00     0.00 -1 -5.41e-11      0.00 7.415e-01 2.575e-01 1.594e-04 6.042e-05 4.300e-04 -1.000 1.000e-03 0.329 1.496 1.365 0.599 0.115 -0.335 -0.953 -1.461 -1.534
0.001 -1.19029 10.00000 0.8633545637 2.4390251637    0.858  1.822  3.6966  2.288    3  0.000  0.494     0.00     0.00     0.00     0.00     0.00 -1  -6.4e-11      0.00 7.415e-01 2.575e-01 1.594e-04 6.044e-05 4.300e-04 -1.000 1.000e-03 0.214 1.416 1.269 0.492 0.003 -0.452 -1.077 -1.591 -1.665
0.001 -1.19029 10.00000 0.8634576797 2.4390554428    0.858  1.867  3.6944  2.234    3  0.000  0.494     0.00     0.00     0.00     0.00     0.00 -1 -7.54e-11      0.00 7.415e-01 2.575e-01 1.594e-04 6.046e-05 4.300e-04 -1.000 1.000e-03 0.103 1.341 1.177 0.389 -0.105 -0.564 -1.196 -1.716 -1.791
0.001 -1.19029 10.00000 0.8635589480 2.4390852451    0.858  1.912  3.6920  2.179    3  0.000  0.494     0.00     0.00     0.00     0.00     0.00 -1 -8.93e-11      0.00 7.415e-01 2.575e-01 1.593e-04 6.048e-05 4.300e-04 -1.000 1.000e-03 -0.011 1.264 1.083 0.283 -0.216 -0.679 -1.319 -1.846 -1.921
0.001 -1.19029 10.00000 0.8636547923 2.4391131401    0.858  1.954  3.6898  2.128    3  0.000  0.494     0.00     0.00     0.00     0.00     0.00 -1 -1.04e-10      0.00 7.415e-01 2.575e-01 1.593e-04 6.049e-05 4.300e-04 -1.000 1.000e-03 -0.116 1.194 0.997 0.186 -0.319 -0.786 -1.433 -1.966 -2.042
0.001 -1.19029 10.00000 0.8637769818 2.4391491413    0.857  1.992  3.6879  2.083    3  0.000  0.494     0.00     0.00     0.00     0.00     0.00 -1 -1.21e-10      0.00 7.415e-01 2.575e-01 1.593e-04 6.051e-05 4.300e-04 -1.000 1.000e-03 -0.211 1.131 0.919 0.099 -0.410 -0.881 -1.534 -2.073 -2.150
0.001 -1.19029 10.00000 0.8638395071 2.4391674995    0.857  1.972  3.6894  2.108    3  0.000  0.494     0.00     0.00     0.00     0.00     0.00 -1 -1.13e-10      0.00 7.415e-01 2.575e-01 1.593e-04 6.052e-05 4.300e-04 -1.000 1.000e-03 -0.161 1.157 0.956 0.143 -0.363 -0.831 -1.480 -2.014 -2.090
0.001 -1.19029 10.00000 0.8638694882 2.4391760826    0.857  1.962  3.6901  2.122    3  0.000  0.494     0.00     0.00     0.00     0.00     0.00 -1 -1.09e-10      0.00 7.415e-01 2.575e-01 1.593e-04 6.053e-05 4.300e-04 -1.000 1.000e-03 -0.134 1.171 0.976 0.166 -0.338 -0.804 -1.450 -1.982 -2.058
0.001 -1.19029 10.00000 0.8639280796 2.4391932487    0.857  1.998  3.6882  2.077    3  0.000  0.494     0.00     0.00     0.00     0.00     0.00 -1 -1.23e-10      0.00 7.415e-01 2.575e-01 1.593e-04 6.054e-05 4.300e-04 -1.000 1.000e-03 -0.225 1.114 0.903 0.084 -0.425 -0.895 -1.548 -2.086 -2.163
0.001 -1.19029 10.00000 0.8639927506 2.4392123222    0.856  2.039  3.6859  2.028    3  0.000  0.494     0.00     0.00     0.00     0.00     0.00 -1 -1.42e-10      0.00 7.415e-01 2.575e-01 1.593e-04 6.055e-05 4.300e-04 -1.000 1.000e-03 -0.327 1.051 0.822 -0.009 -0.522 -0.997 -1.658 -2.204 -2.281
0.001 -1.19029 10.00000 0.8640552163 2.4392306805    0.856  2.080  3.6836  1.977    3  0.000  0.494     0.00     0.00     0.00     0.00     0.00 -1 -1.66e-10      0.00 7.415e-01 2.575e-01 1.593e-04 6.056e-05 4.300e-04 -1.000 1.000e-03 -0.430 0.999 0.743 -0.103 -0.623 -1.102 -1.771 -2.324 -2.401
0.001 -1.19029 10.00000 0.8641122580 2.4392473698    0.856  2.120  3.6813  1.927    3  0.000  0.494     0.00     0.00     0.00     0.00     0.00 -1 -1.93e-10      0.00 7.415e-01 2.575e-01 1.593e-04 6.057e-05 4.300e-04 -1.000 1.000e-03 -0.531 0.957 0.670 -0.197 -0.723 -1.205 -1.882 -2.442 -2.518
0.001 -1.19029 10.00000 0.8641663194 2.4392631054    0.855  2.162  3.6788  1.876    3  0.000  0.494     0.00     0.00     0.00     0.00     0.00 -1 -2.25e-10      0.00 7.415e-01 2.575e-01 1.593e-04 6.058e-05 4.300e-04 -1.000 1.000e-03 -0.634 0.920 0.598 -0.291 -0.825 -1.310 -1.996 -2.562 -2.638
0.001 -1.19029 10.00000 0.8642150164 2.4392774105    0.855  2.202  3.6765  1.826    3  0.000  0.494     0.00     0.00     0.00     0.00     0.00 -1 -2.61e-10      0.00 7.415e-01 2.575e-01 1.593e-04 6.059e-05 4.300e-04 -1.000 1.000e-03 -0.734 0.887 0.530 -0.381 -0.923 -1.412 -2.105 -2.678 -2.754
0.001 -1.19029 10.00000 0.8642603159 2.4392907619    0.854  2.242  3.6740  1.776    3  0.000  0.494     0.00     0.00     0.00     0.00     0.00 -1 -3.04e-10      0.00 7.415e-01 2.575e-01 1.593e-04 6.060e-05 4.300e-04 -1.000 1.000e-03 -0.834 0.857 0.463 -0.471 -1.021 -1.515 -2.216 -2.795 -2.870
0.001 -1.19029 10.00000 0.8643018007 2.4393029213    0.854  2.281  3.6715  1.726    3  0.000  0.494     0.00     0.00     0.00     0.00     0.00 -1 -3.53e-10      0.00 7.415e-01 2.575e-01 1.592e-04 6.060e-05 4.300e-04 -1.000 1.000e-03 -0.933 0.830 0.399 -0.560 -1.117 -1.615 -2.325 -2.910 -2.986
0.001 -1.19029 10.00000 0.8643403053 2.4393141270    0.853  2.321  3.6690  1.677    3  0.000  0.494     0.00     0.00     0.00     0.00     0.00 -1 -4.09e-10      0.00 7.415e-01 2.575e-01 1.592e-04 6.061e-05 4.300e-04 -1.000 1.000e-03 -1.032 0.809 0.337 -0.647 -1.213 -1.715 -2.434 -3.025 -3.101
0.001 -1.19029 10.00000 0.8643752337 2.4393243790    0.853  2.359  3.6666  1.628    3  0.000  0.494     0.00     0.00     0.00     0.00     0.00 -1 -4.73e-10      0.00 7.415e-01 2.575e-01 1.592e-04 6.061e-05 4.300e-04 -1.000 1.000e-03 -1.127 0.792 0.279 -0.731 -1.305 -1.812 -2.539 -3.137 -3.213
0.001 -1.19029 10.00000 0.8644081950 2.4393339157    0.852  2.398  3.6640  1.579    3  0.000  0.494     0.00     0.00     0.00     0.00     0.00 -1 -5.46e-10      0.00 7.415e-01 2.575e-01 1.592e-04 6.062e-05 4.300e-04 -1.000 1.000e-03 -1.224 0.781 0.224 -0.814 -1.397 -1.909 -2.646 -3.250 -3.326
0.001 -1.19029 10.00000 0.8644382954 2.4393427372    0.851  2.436  3.6615  1.531    3  0.000  0.494     0.00     0.00     0.00     0.00     0.00 -1 -6.31e-10      0.00 7.415e-01 2.575e-01 1.592e-04 6.063e-05 4.300e-04 -1.000 1.000e-03 -1.319 0.772 0.171 -0.895 -1.488 -2.005 -2.750 -3.361 -3.438
0.001 -1.19029 10.00000 0.8644661903 2.4393508434    0.851  2.473  3.6590  1.482    3  0.000  0.494     0.00     0.00     0.00     0.00     0.00 -1 -7.27e-10      0.00 7.415e-01 2.575e-01 1.592e-04 6.063e-05 4.300e-04 -1.000 1.000e-03 -1.413 0.761 0.118 -0.975 -1.576 -2.098 -2.854 -3.472 -3.549
0.001 -1.19029 10.00000 0.8644917607 2.4393584728    0.850  2.510  3.6565  1.435    3  0.000  0.494     0.00     0.00     0.00     0.00     0.00 -1 -8.35e-10      0.00 7.415e-01 2.575e-01 1.592e-04 6.063e-05 4.301e-04 -1.000 1.000e-03 -1.505 0.757 0.069 -1.048 -1.659 -2.188 -2.954 -3.579 -3.657
0.001 -1.19029 10.00000 0.8645209670 2.4393670559    0.849  2.555  3.6534  1.378    3  0.000  0.494     0.00     0.00     0.00     0.00     0.00 -1  -9.9e-10      0.00 7.415e-01 2.575e-01 1.592e-04 6.064e-05 4.301e-04 -1.000 1.000e-03 -1.616 0.746 0.008 -1.137 -1.760 -2.297 -3.075 -3.710 -3.791
0.001 -1.19029 10.00000 0.8645429611 2.4393734932    0.848  2.590  3.6509  1.332    3  0.000  0.494     0.00     0.00     0.00     0.00     0.00 -1 -1.13e-09      0.00 7.415e-01 2.575e-01 1.592e-04 6.064e-05 4.301e-04 -1.000 1.000e-03 -1.706 0.738 -0.041 -1.208 -1.840 -2.383 -3.173 -3.815 -3.897
0.001 -1.19029 10.00000 0.8645671010 2.4393804073    0.847  2.632  3.6479  1.277    3  0.000  0.494     0.00     0.00     0.00     0.00     0.00 -1 -1.33e-09      0.00 7.414e-01 2.576e-01 1.592e-04 6.065e-05 4.301e-04 -1.000 1.000e-03 -1.811 0.732 -0.097 -1.290 -1.934 -2.485 -3.287 -3.939 -4.023
0.001 -1.19029 10.00000 0.8645898700 2.4393870831    0.846  2.675  3.6448  1.221    3  0.000  0.494     0.00     0.00     0.00     0.00     0.00 -1 -1.57e-09      0.00 7.414e-01 2.576e-01 1.592e-04 6.065e-05 4.301e-04 -1.000 1.000e-03 -1.918 0.729 -0.152 -1.372 -2.028 -2.588 -3.403 -4.066 -4.151
0.001 -1.19029 10.00000 0.8646071553 2.4393920898    0.844  2.710  3.6423  1.176    3  0.000  0.494     0.00     0.00     0.00     0.00     0.00 -1 -1.79e-09      0.00 7.414e-01 2.576e-01 1.592e-04 6.065e-05 4.301e-04 -1.000 1.000e-03 -2.006 0.727 -0.197 -1.439 -2.105 -2.671 -3.498 -4.168 -4.256
0.001 -1.19029 10.00000 0.8646260500 2.4393978119    0.843  2.751  3.6394  1.123    3  0.000  0.494     0.00     0.00     0.00     0.00     0.00 -1 -2.09e-09      0.00 7.414e-01 2.576e-01 1.592e-04 6.066e-05 4.301e-04 -1.000 1.000e-03 -2.107 0.728 -0.247 -1.515 -2.193 -2.768 -3.607 -4.287 -4.377
0.001 -1.19029 10.00000 0.8646439910 2.4394030571    0.841  2.792  3.6363  1.069    3  0.000  0.494     0.00     0.00     0.00     0.00     0.00 -1 -2.45e-09      0.00 7.414e-01 2.576e-01 1.592e-04 6.066e-05 4.301e-04 -1.000 1.000e-03 -2.209 0.737 -0.294 -1.590 -2.280 -2.864 -3.717 -4.408 -4.500
0.001 -1.19029 10.00000 0.8646609783 2.4394078255    0.840  2.833  3.6332  1.014    3  0.000  0.494     0.00     0.00     0.00     0.00     0.00 -1 -2.88e-09      0.00 7.414e-01 2.576e-01 1.592e-04 6.066e-05 4.301e-04 -1.000 1.000e-03 -2.313 0.748 -0.340 -1.664 -2.368 -2.961 -3.829 -4.531 -4.625
0.001 -1.19029 10.00000 0.8646755219 2.4394121170    0.838  2.871  3.6303  0.964    3  0.000  0.494     0.00     0.00     0.00     0.00     0.00 -1 -3.32e-09      0.00 7.414e-01 2.576e-01 1.592e-04 6.067e-05 4.301e-04 -1.000 1.000e-03 -2.407 0.768 -0.378 -1.730 -2.448 -3.050 -3.931 -4.642 -4.739
0.001 -1.19029 10.00000 0.8646894693 2.4394161701    0.836  2.909  3.6274  0.913    3  0.000  0.494     0.00     0.00     0.00     0.00     0.00 -1 -3.86e-09      0.00 7.414e-01 2.576e-01 1.592e-04 6.067e-05 4.301e-04 -1.000 1.000e-03 -2.503 0.795 -0.411 -1.794 -2.527 -3.139 -4.034 -4.756 -4.855
0.001 -1.19029 10.00000 0.8647026420 2.4394202232    0.834  2.948  3.6243  0.860    3  0.000  0.494     0.00     0.00     0.00     0.00     0.00 -1 -4.49e-09      0.00 7.414e-01 2.576e-01 1.592e-04 6.067e-05 4.301e-04 -1.000 1.000e-03 -2.600 0.828 -0.442 -1.857 -2.606 -3.229 -4.140 -4.871 -4.974
0.001 -1.19029 10.00000 0.8647145629 2.4394235611    0.831  2.985  3.6215  0.810    3  0.000  0.494     0.00     0.00     0.00     0.00     0.00 -1 -5.19e-09      0.00 7.414e-01 2.576e-01 1.592e-04 6.067e-05 4.301e-04 -1.000 1.000e-03 -2.694 0.856 -0.474 -1.919 -2.682 -3.315 -4.240 -4.982 -5.087
0.001 -1.19029 10.00000 0.8647255301 2.4394268990    0.829  3.022  3.6187  0.761    3  0.000  0.494     0.00     0.00     0.00     0.00     0.00 -1 -5.98e-09      0.00 7.414e-01 2.576e-01 1.592e-04 6.067e-05 4.301e-04 -1.000 1.000e-03 -2.784 0.886 -0.503 -1.977 -2.755 -3.399 -4.338 -5.089 -5.197
0.001 -1.19029 10.00000 0.8647358418 2.4394297600    0.826  3.058  3.6158  0.713    3  0.000  0.494     0.00     0.00     0.00     0.00     0.00 -1 -6.88e-09      0.00 7.414e-01 2.576e-01 1.592e-04 6.068e-05 4.301e-04 -1.000 1.000e-03 -2.874 0.920 -0.529 -2.032 -2.827 -3.481 -4.434 -5.195 -5.306
0.001 -1.19029 10.00000 0.8647457957 2.4394326210    0.823  3.094  3.6129  0.663    3  0.000  0.494     0.00     0.00     0.00     0.00     0.00 -1 -7.94e-09      0.00 7.414e-01 2.576e-01 1.592e-04 6.068e-05 4.301e-04 -1.000 1.000e-03 -2.965 0.957 -0.554 -2.088 -2.898 -3.563 -4.531 -5.303 -5.417
0.001 -1.19029 10.00000 0.8647544384 2.4394352436    0.820  3.128  3.6103  0.617    3  0.000  0.494     0.00     0.00     0.00     0.00     0.00 -1 -9.05e-09      0.00 7.414e-01 2.576e-01 1.592e-04 6.068e-05 4.301e-04 -1.000 1.000e-03 -3.049 0.989 -0.578 -2.139 -2.964 -3.639 -4.621 -5.401 -5.518
0.001 -1.19029 10.00000 0.8647629023 2.4394376278    0.817  3.162  3.6076  0.570    3  0.000  0.494     0.00     0.00     0.00     0.00     0.00 -1 -1.04e-08      0.00 7.414e-01 2.576e-01 1.592e-04 6.068e-05 4.301e-04 -1.000 1.000e-03 -3.136 1.025 -0.599 -2.190 -3.031 -3.717 -4.712 -5.503 -5.622
0.001 -1.19029 10.00000 0.8647708893 2.4394400120    0.813  3.196  3.6049  0.524    3  0.000  0.494     0.00     0.00     0.00     0.00     0.00 -1 -1.19e-08      0.00 7.414e-01 2.576e-01 1.592e-04 6.068e-05 4.301e-04 -1.000 1.000e-03 -3.221 1.063 -0.619 -2.239 -3.096 -3.793 -4.802 -5.603 -5.726
0.001 -1.19029 10.00000 0.8647781610 2.4394421577    0.810  3.229  3.6023  0.479    3  0.000  0.494     0.00     0.00     0.00     0.00     0.00 -1 -1.35e-08      0.00 7.414e-01 2.576e-01 1.592e-04 6.068e-05 4.301e-04 -1.000 1.000e-03 -3.302 1.104 -0.633 -2.283 -3.157 -3.865 -4.889 -5.698 -5.824
0.001 -1.19029 10.00000 0.8647848964 2.4394440651    0.806  3.260  3.5999  0.436    3  0.000  0.494     0.00     0.00     0.00     0.00     0.00 -1 -1.53e-08      0.00 7.414e-01 2.576e-01 1.592e-04 6.068e-05 4.301e-04 -1.000 1.000e-03 -3.380 1.146 -0.643 -2.323 -3.214 -3.935 -4.972 -5.789 -5.919
0.001 -1.19029 10.00000 0.8647911549 2.4394459724    0.802  3.289  3.5975  0.395    3  0.000  0.494     0.00     0.00     0.00     0.00     0.00 -1 -1.72e-08      0.00 7.414e-01 2.576e-01 1.592e-04 6.069e-05 4.301e-04 -1.000 1.000e-03 -3.453 1.188 -0.650 -2.358 -3.267 -3.999 -5.050 -5.875 -6.008
0.001 -1.19029 10.00000 0.8647973537 2.4394478798    0.797  3.318  3.5953  0.355    3  0.000  0.494     0.00     0.00     0.00     0.00     0.00 -1 -1.93e-08      0.00 7.414e-01 2.576e-01 1.592e-04 6.069e-05 4.301e-04 -1.000 1.000e-03 -3.524 1.230 -0.655 -2.392 -3.317 -4.062 -5.125 -5.958 -6.094
0.001 -1.19029 10.00000 0.8647987247 2.4394481182    0.796  3.324  3.5948  0.347    3  0.000  0.494     0.00     0.00     0.00     0.00     0.00 -1 -1.98e-08      0.00 7.414e-01 2.576e-01 1.592e-04 6.069e-05 4.301e-04 -1.000 1.000e-03 -3.539 1.239 -0.656 -2.399 -3.328 -4.075 -5.141 -5.976 -6.113
0.001 -1.19029 10.00000 0.8647987247 2.4394481182    0.796  1.757  3.7375  2.484    4  0.000  0.517     0.00     0.00     0.00     0.00     0.00 -1    -1e-30      0.00 7.404e-01 2.586e-01 1.686e-04 5.275e-05 4.344e-04 -1.000 1.000e-03 0.378 1.116 1.142 0.539 0.136 -0.246 -0.751 -1.160 -1.216
0.001 -1.19029 10.00000 0.8648663759 2.4394679070    0.796  1.774  3.7364  2.463    4  0.000  0.517     0.00     0.00     0.00     0.00     0.00 -1    -1e-30      0.00 7.404e-01 2.586e-01 1.686e-04 5.275e-05 4.344e-04 -1.000 1.000e-03 0.336 1.087 1.108 0.500 0.094 -0.290 -0.797 -1.210 -1.266
0.001 -1.19029 10.00000 0.8649318218 2.4394872189    0.796  1.777  3.7362  2.459    4  0.000  0.517     0.00     0.00     0.00     0.00     0.00 -1    -1e-30      0.00 7.404e-01 2.586e-01 1.686e-04 5.275e-05 4.344e-04 -1.000 1.000e-03 0.328 1.081 1.101 0.492 0.087 -0.298 -0.806 -1.218 -1.275
0.001 -1.19029 10.00000 0.8649985194 2.4395065308    0.797  1.778  3.7363  2.458    4  0.000  0.517     0.00     0.00     0.00     0.00     0.00 -1    -1e-30      0.00 7.404e-01 2.586e-01 1.686e-04 5.275e-05 4.344e-04 -1.000 1.000e-03 0.324 1.076 1.096 0.488 0.082 -0.302 -0.810 -1.222 -1.279
0.001 -1.19029 10.00000 0.8650655746 2.4395260811    0.797  1.779  3.7365  2.458    4  0.000  0.517     0.00     0.00     0.00     0.00     0.00 -1    -1e-30      0.00 7.404e-01 2.586e-01 1.686e-04 5.275e-05 4.344e-04 -1.000 1.000e-03 0.322 1.071 1.092 0.485 0.080 -0.304 -0.811 -1.223 -1.279
0.001 -1.19029 10.00000 0.8651331067 2.4395458698    0.797  1.779  3.7370  2.460    4  0.000  0.517     0.00     0.00     0.00     0.00     0.00 -1    -1e-30      0.00 7.404e-01 2.586e-01 1.686e-04 5.275e-05 4.344e-04 -1.000 1.000e-03 0.321 1.067 1.089 0.483 0.080 -0.304 -0.809 -1.220 -1.277
0.001 -1.19029 10.00000 0.8652017117 2.4395658970    0.797  1.779  3.7376  2.463    4  0.000  0.517     0.00     0.00     0.00     0.00     0.00 -1    -1e-30      0.00 7.404e-01 2.586e-01 1.686e-04 5.275e-05 4.344e-04 -1.000 1.000e-03 0.323 1.063 1.086 0.483 0.080 -0.302 -0.806 -1.215 -1.271
0.001 -1.19029 10.00000 0.8652691245 2.4395856857    0.797  1.778  3.7382  2.466    4  0.000  0.517     0.00     0.00     0.00     0.00     0.00 -1    -1e-30      0.00 7.404e-01 2.586e-01 1.686e-04 5.275e-05 4.344e-04 -1.000 1.000e-03 0.325 1.058 1.084 0.484 0.082 -0.299 -0.801 -1.209 -1.265
0.001 -1.19029 10.00000 0.8653383851 2.4396059513    0.797  1.777  3.7389  2.470    4  0.000  0.517     0.00     0.00     0.00     0.00     0.00 -1    -1e-30      0.00 7.404e-01 2.586e-01 1.686e-04 5.276e-05 4.344e-04 -1.000 1.000e-03 0.327 1.054 1.082 0.485 0.084 -0.295 -0.796 -1.202 -1.257
0.001 -1.19029 10.00000 0.8654035926 2.4396247864    0.797  1.776  3.7396  2.473    4  0.000  0.517     0.00     0.00     0.00     0.00     0.00 -1    -1e-30      0.00 7.404e-01 2.586e-01 1.686e-04 5.276e-05 4.344e-04 -1.000 1.000e-03 0.329 1.050 1.080 0.485 0.086 -0.292 -0.791 -1.195 -1.250
0.001 -1.19029 10.00000 0.8654745221 2.4396455288    0.797  1.776  3.7403  2.477    4  0.000  0.517     0.00     0.00     0.00     0.00     0.00 -1    -1e-30      0.00 7.404e-01 2.586e-01 1.686e-04 5.276e-05 4.344e-04 -1.000 1.000e-03 0.331 1.046 1.078 0.486 0.088 -0.289 -0.786 -1.189 -1.244
0.001 -1.19029 10.00000 0.8655370474 2.4396638870    0.797  1.775  3.7408  2.480    4  0.000  0.517     0.00     0.00     0.00     0.00     0.00 -1    -1e-30      0.00 7.404e-01 2.586e-01 1.686e-04 5.276e-05 4.344e-04 -1.000 1.000e-03 0.333 1.044 1.076 0.486 0.090 -0.287 -0.782 -1.183 -1.238
0.001 -1.19029 10.00000 0.8656061292 2.4396839142    0.797  1.774  3.7415  2.483    4  0.000  0.517     0.00     0.00     0.00     0.00     0.00 -1    -1e-30      0.00 7.404e-01 2.586e-01 1.686e-04 5.276e-05 4.344e-04 -1.000 1.000e-03 0.334 1.041 1.074 0.486 0.091 -0.284 -0.778 -1.178 -1.232
0.001 -1.19029 10.00000 0.8656731844 2.4397034645    0.797  1.774  3.7420  2.486    4  0.000  0.517     0.00     0.00     0.00     0.00     0.00 -1    -1e-30      0.00 7.404e-01 2.586e-01 1.686e-04 5.276e-05 4.344e-04 -1.000 1.000e-03 0.336 1.039 1.072 0.486 0.092 -0.282 -0.774 -1.173 -1.227
0.001 -1.19029 10.00000 0.8657396436 2.4397230148    0.797  1.773  3.7424  2.488    4  0.000  0.517     0.00     0.00     0.00     0.00     0.00 -1    -1e-30      0.00 7.404e-01 2.586e-01 1.686e-04 5.276e-05 4.344e-04 -1.000 1.000e-03 0.336 1.036 1.070 0.486 0.093 -0.281 -0.772 -1.169 -1.223
0.001 -1.19029 10.00000 0.8657548428 2.4397273064    0.797  1.773  3.7425  2.488    4  0.000  0.517     0.00     0.00     0.00     0.00     0.00 -1    -1e-30      0.00 7.404e-01 2.586e-01 1.686e-04 5.276e-05 4.344e-04 -1.000 1.000e-03 0.337 1.036 1.070 0.486 0.093 -0.280 -0.771 -1.168 -1.222
0.001 -1.19029 10.00000 0.8658179045 2.4397456646    0.797  1.773  3.7429  2.490    4  0.000  0.517     0.00     0.00     0.00     0.00     0.00 -1    -1e-30      0.00 7.404e-01 2.586e-01 1.686e-04 5.276e-05 4.344e-04 -1.000 1.000e-03 0.337 1.034 1.068 0.485 0.093 -0.280 -0.770 -1.166 -1.220
0.001 -1.19029 10.00000 0.8658868670 2.4397659302    0.797  1.774  3.7432  2.491    4  0.000  0.517     0.00     0.00     0.00     0.00     0.00 -1    -1e-30      0.00 7.404e-01 2.586e-01 1.686e-04 5.276e-05 4.344e-04 -1.000 1.000e-03 0.336 1.031 1.066 0.484 0.092 -0.280 -0.769 -1.165 -1.218
0.001 -1.19029 10.00000 0.8659492135 2.4397840500    0.798  1.774  3.7433  2.491    4  0.000  0.517     0.00     0.00     0.00     0.00     0.00 -1    -1e-30      0.00 7.404e-01 2.586e-01 1.686e-04 5.276e-05 4.344e-04 -1.000 1.000e-03 0.335 1.029 1.064 0.483 0.091 -0.281 -0.769 -1.165 -1.218
0.001 -1.19029 10.00000 0.8660147786 2.4398031235    0.798  1.775  3.7434  2.491    4  0.000  0.517     0.00     0.00     0.00     0.00     0.00 -1    -1e-30      0.00 7.404e-01 2.586e-01 1.686e-04 5.276e-05 4.344e-04 -1.000 1.000e-03 0.333 1.027 1.061 0.481 0.089 -0.283 -0.771 -1.166 -1.219
0.001 -1.19029 10.00000 0.8660806417 2.4398224354    0.798  1.776  3.7434  2.490    4  0.000  0.517     0.00     0.00     0.00     0.00     0.00 -1    -1e-30      0.00 7.404e-01 2.586e-01 1.686e-04 5.276e-05 4.344e-04 -1.000 1.000e-03 0.331 1.024 1.059 0.478 0.087 -0.285 -0.773 -1.169 -1.222
0.001 -1.19029 10.00000 0.8661478162 2.4398419857    0.798  1.777  3.7432  2.488    4  0.000  0.517     0.00     0.00     0.00     0.00     0.00 -1    -1e-30      0.00 7.404e-01 2.586e-01 1.686e-04 5.277e-05 4.344e-04 -1.000 1.000e-03 0.327 1.022 1.056 0.475 0.083 -0.289 -0.778 -1.173 -1.226
0.001 -1.19029 10.00000 0.8662157059 2.4398617744    0.798  1.779  3.7430  2.485    4  0.000  0.517     0.00     0.00     0.00     0.00     0.00 -1    -1e-30      0.00 7.404e-01 2.586e-01 1.686e-04 5.277e-05 4.344e-04 -1.000 1.000e-03 0.323 1.019 1.053 0.471 0.079 -0.294 -0.783 -1.179 -1.233
0.001 -1.19029 10.00000 0.8662275672 2.4398651123    0.798  1.779  3.7429  2.484    4  0.000  0.517     0.00     0.00     0.00     0.00     0.00 -1    -1e-30      0.00 7.404e-01 2.586e-01 1.686e-04 5.277e-05 4.344e-04 -1.000 1.000e-03 0.322 1.019 1.053 0.470 0.078 -0.295 -0.784 -1.181 -1.234
0.001 -1.19029 10.00000 0.8662421703 2.4398694038    0.798  1.780  3.7428  2.483    4  0.000  0.517     0.00     0.00     0.00     0.00     0.00 -1    -1e-30      0.00 7.404e-01 2.586e-01 1.686e-04 5.277e-05 4.344e-04 -1.000 1.000e-03 0.320 1.018 1.052 0.469 0.077 -0.296 -0.786 -1.183 -1.236
0.001 -1.19029 10.00000 0.8663028479 2.4398870468    0.798  1.782  3.7425  2.480    4  0.000  0.517     0.00     0.00     0.00     0.00     0.00 -1    -1e-30      0.00 7.404e-01 2.586e-01 1.686e-04 5.277e-05 4.344e-04 -1.000 1.000e-03 0.315 1.015 1.048 0.464 0.071 -0.302 -0.793 -1.191 -1.244
0.001 -1.19029 10.00000 0.8663620949 2.4399042130    0.798  1.785  3.7420  2.475    4  0.000  0.517     0.00     0.00     0.00     0.00     0.00 -1    -1e-30      0.00 7.404e-01 2.586e-01 1.686e-04 5.277e-05 4.344e-04 -1.000 1.000e-03 0.309 1.012 1.045 0.459 0.065 -0.309 -0.801 -1.200 -1.254
0.001 -1.19029 10.00000 0.8664230108 2.4399220943    0.798  1.787  3.7415  2.471    4  0.000  0.517     0.00     0.00     0.00     0.00     0.00 -1    -1e-30      0.00 7.404e-01 2.586e-01 1.686e-04 5.277e-05 4.344e-04 -1.000 1.000e-03 0.301 1.009 1.041 0.453 0.058 -0.317 -0.811 -1.210 -1.264
0.001 -1.19029 10.00000 0.8664819002 2.4399392605    0.798  1.790  3.7410  2.466    4  0.000  0.517     0.00     0.00     0.00     0.00     0.00 -1    -1e-30      0.00 7.404e-01 2.586e-01 1.686e-04 5.277e-05 4.344e-04 -1.000 1.000e-03 0.294 1.006 1.036 0.447 0.051 -0.325 -0.820 -1.220 -1.275
0.001 -1.19029 10.00000 0.8665422797 2.4399566650    0.798  1.795  3.7401  2.457    4  0.000  0.517     0.00     0.00     0.00     0.00     0.00 -1    -1e-30      0.00 7.404e-01 2.586e-01 1.686e-04 5.277e-05 4.344e-04 -1.000 1.000e-03 0.282 1.001 1.030 0.437 0.039 -0.339 -0.836 -1.239 -1.294
0.001 -1.19029 10.00000 0.8666008711 2.4399738312    0.798  1.800  3.7390  2.448    4  0.000  0.517     0.00     0.00     0.00     0.00     0.00 -1    -1e-30      0.00 7.404e-01 2.586e-01 1.686e-04 5.277e-05 4.344e-04 -1.000 1.000e-03 0.269 0.997 1.023 0.426 0.026 -0.354 -0.854 -1.259 -1.315
0.001 -1.19029 10.00000 0.8666597009 2.4399909973    0.798  1.806  3.7380  2.438    4  0.000  0.517     0.00     0.00     0.00     0.00     0.00 -1    -1e-30      0.00 7.404e-01 2.586e-01 1.686e-04 5.277e-05 4.344e-04 -1.000 1.000e-03 0.254 0.993 1.014 0.413 0.011 -0.370 -0.873 -1.281 -1.337
0.001 -1.19029 10.00000 0.8667185903 2.4400081635    0.798  1.813  3.7368  2.426    4  0.000  0.517     0.00     0.00     0.00     0.00     0.00 -1    -1e-30      0.00 7.404e-01 2.586e-01 1.686e-04 5.277e-05 4.344e-04 -1.000 1.000e-03 0.237 0.987 1.005 0.399 -0.006 -0.389 -0.895 -1.305 -1.362
0.001 -1.19029 10.00000 0.8667773604 2.4400250912    0.798  1.820  3.7357  2.415    4  0.000  0.517     0.00     0.00     0.00     0.00     0.00 -1    -1e-30      0.00 7.404e-01 2.586e-01 1.686e-04 5.277e-05 4.344e-04 -1.000 1.000e-03 0.219 0.980 0.994 0.383 -0.024 -0.409 -0.918 -1.331 -1.388
0.001 -1.19029 10.00000 0.8668355346 2.4400420189    0.799  1.828  3.7345  2.403    4  0.000  0.517     0.00     0.00     0.00     0.00     0.00 -1    -1e-30      0.00 7.404e-01 2.586e-01 1.686e-04 5.277e-05 4.344e-04 -1.000 1.000e-03 0.200 0.972 0.982 0.367 -0.042 -0.429 -0.942 -1.357 -1.415
0.001 -1.19029 10.00000 0.8668957949 2.4400596619    0.799  1.842  3.7324  2.380    4  0.000  0.517     0.00     0.00     0.00     0.00     0.00 -1    -1e-30      0.00 7.404e-01 2.586e-01 1.686e-04 5.278e-05 4.344e-04 -1.000 1.000e-03 0.166 0.958 0.961 0.337 -0.076 -0.467 -0.985 -1.406 -1.464
0.001 -1.19029 10.00000 0.8669548035 2.4400768280    0.799  1.867  3.7288  2.341    4  0.000  0.517     0.00     0.00     0.00     0.00     0.00 -1    -1e-30      0.00 7.404e-01 2.586e-01 1.686e-04 5.278e-05 4.344e-04 -1.000 1.000e-03 0.103 0.932 0.921 0.281 -0.139 -0.535 -1.064 -1.493 -1.553
0.001 -1.19029 10.00000 0.8669956326 2.4400885105    0.799  1.900  3.7244  2.290    4  0.000  0.517     0.00     0.00     0.00     0.00     0.00 -1    -1e-30      0.00 7.404e-01 2.586e-01 1.686e-04 5.278e-05 4.344e-04 -1.000 1.000e-03 0.020 0.898 0.867 0.209 -0.220 -0.624 -1.165 -1.605 -1.667
0.001 -1.19029 10.00000 0.8670151234 2.4400942326    0.799  1.934  3.7202  2.239    4  0.000  0.517     0.00     0.00     0.00     0.00     0.00 -1    -1e-30      0.00 7.404e-01 2.586e-01 1.686e-04 5.278e-05 4.344e-04 -1.000 1.000e-03 -0.066 0.859 0.811 0.134 -0.304 -0.715 -1.268 -1.718 -1.782
0.001 -1.19029 10.00000 0.8670237064 2.4400968552    0.799  1.968  3.7162  2.189    4  0.000  0.517     0.00     0.00     0.00     0.00     0.00 -1    -1e-30      0.00 7.404e-01 2.586e-01 1.686e-04 5.278e-05 4.344e-04 -1.000 1.000e-03 -0.150 0.825 0.756 0.061 -0.385 -0.804 -1.368 -1.828 -1.893
0.001 -1.19029 10.00000 0.8670278788 2.4400980473    0.799  2.001  3.7125  2.142    4  0.000  0.517     0.00     0.00     0.00     0.00     0.00 -1    -1e-30      0.00 7.404e-01 2.586e-01 1.686e-04 5.278e-05 4.344e-04 -1.000 1.000e-03 -0.232 0.788 0.701 -0.011 -0.465 -0.890 -1.465 -1.935 -2.002
0.001 -1.19029 10.00000 0.8670301437 2.4400987625    0.799  2.034  3.7090  2.094    4  0.000  0.517     0.00     0.00     0.00     0.00     0.00 -1    -1e-30      0.00 7.404e-01 2.586e-01 1.686e-04 5.278e-05 4.344e-04 -1.000 1.000e-03 -0.316 0.750 0.644 -0.084 -0.546 -0.977 -1.563 -2.042 -2.110
0.001 -1.19029 10.00000 0.8670314550 2.4400990009    0.799  2.062  3.7062  2.055    4  0.000  0.517     0.00     0.00     0.00     0.00     0.00 -1    -1e-30      0.00 7.404e-01 2.586e-01 1.686e-04 5.278e-05 4.344e-04 -1.000 1.000e-03 -0.386 0.718 0.596 -0.145 -0.613 -1.050 -1.644 -2.131 -2.200
0.001 -1.19029 10.00000 0.8670315742 2.4400990009    0.799  2.066  3.7059  2.050    7  0.000  0.517     0.00     0.00     0.00     0.00     0.00 -1    -9e-10      0.00 7.404e-01 2.571e-01 1.686e-04 5.278e-05 4.344e-04 -1.000 2.597e-03 -0.394 0.714 0.590 -0.152 -0.621 -1.058 -1.654 -2.141 -2.210
0.001 -1.19029 10.00000 0.8670325279 2.4400992393    0.799  2.096  3.7031  2.009    7  0.000  0.517     0.00     0.00     0.00     0.00     0.00 -1 -1.08e-09      0.00 7.404e-01 2.571e-01 1.686e-04 5.278e-05 4.344e-04 -1.000 2.597e-03 -0.470 0.676 0.536 -0.219 -0.694 -1.137 -1.740 -2.235 -2.305
0.001 -1.19029 10.00000 0.8670336008 2.4400997162    0.799  2.132  3.6998  1.959    7  0.000  0.517     0.00     0.00     0.00     0.00     0.00 -1 -1.33e-09      0.00 7.404e-01 2.571e-01 1.686e-04 5.278e-05 4.344e-04 -1.000 2.597e-03 -0.561 0.634 0.473 -0.299 -0.782 -1.230 -1.844 -2.347 -2.418
0.001 -1.19029 10.00000 0.8670347333 2.4400999546    0.799  2.166  3.6968  1.913    7  0.000  0.517     0.00     0.00     0.00     0.00     0.00 -1 -1.62e-09      0.00 7.404e-01 2.571e-01 1.686e-04 5.278e-05 4.344e-04 -1.000 2.597e-03 -0.646 0.599 0.414 -0.373 -0.863 -1.317 -1.941 -2.453 -2.525
0.001 -1.19029 10.00000 0.8670377135 2.4401009083    0.798  2.215  3.6926  1.847    7  0.000  0.517     0.00     0.00     0.00     0.00     0.00 -1 -2.14e-09      0.00 7.404e-01 2.571e-01 1.686e-04 5.278e-05 4.344e-04 -1.000 2.597e-03 -0.768 0.548 0.331 -0.479 -0.980 -1.442 -2.080 -2.604 -2.678
0.001 -1.19029 10.00000 0.8670406342 2.4401016235    0.798  2.218  3.6924  1.844    7  0.000  0.517     0.00     0.00     0.00     0.00     0.00 -1 -2.17e-09      0.00 7.404e-01 2.571e-01 1.686e-04 5.278e-05 4.344e-04 -1.000 2.597e-03 -0.774 0.545 0.326 -0.485 -0.986 -1.448 -2.087 -2.612 -2.685
0.001 -1.19029 10.00000 0.8670745492 2.4401116371    0.796  2.193  3.6944  1.875    7  0.000  0.517     0.00     0.00     0.00     0.00     0.00 -1 -1.91e-09      0.00 7.404e-01 2.571e-01 1.686e-04 5.278e-05 4.344e-04 -1.000 2.597e-03 -0.713 0.573 0.369 -0.431 -0.927 -1.386 -2.018 -2.538 -2.610
0.001 -1.19029 10.00000 0.8671036363 2.4401199818    0.794  2.221  3.6919  1.836    7  0.000  0.517     0.00     0.00     0.00     0.00     0.00 -1 -2.28e-09      0.00 7.404e-01 2.571e-01 1.686e-04 5.278e-05 4.344e-04 -1.000 2.597e-03 -0.784 0.545 0.322 -0.492 -0.994 -1.458 -2.098 -2.625 -2.698
0.001 -1.19029 10.00000 0.8671232462 2.4401257038    0.792  2.255  3.6890  1.790    7  0.000  0.517     0.00     0.00     0.00     0.00     0.00 -1 -2.76e-09      0.00 7.404e-01 2.571e-01 1.686e-04 5.278e-05 4.344e-04 -1.000 2.597e-03 -0.867 0.512 0.265 -0.564 -1.073 -1.542 -2.193 -2.728 -2.803
0.001 -1.19029 10.00000 0.8671399951 2.4401304722    0.790  2.286  3.6863  1.747    7  0.000  0.517     0.00     0.00     0.00     0.00     0.00 -1 -3.31e-09      0.00 7.404e-01 2.571e-01 1.686e-04 5.278e-05 4.344e-04 -1.000 2.597e-03 -0.945 0.484 0.214 -0.630 -1.146 -1.621 -2.281 -2.826 -2.901
0.001 -1.19029 10.00000 0.8671589494 2.4401361942    0.788  2.326  3.6829  1.692    7  0.000  0.517     0.00     0.00     0.00     0.00     0.00 -1 -4.21e-09      0.00 7.404e-01 2.571e-01 1.686e-04 5.278e-05 4.344e-04 -1.000 2.597e-03 -1.045 0.490 0.161 -0.722 -1.248 -1.727 -2.398 -2.950 -3.024
0.001 -1.19029 10.00000 0.8671763539 2.4401412010    0.785  2.366  3.6796  1.637    7  0.000  0.517     0.00     0.00     0.00     0.00     0.00 -1 -5.37e-09      0.00 7.403e-01 2.571e-01 1.686e-04 5.278e-05 4.344e-04 -1.000 2.597e-03 -1.144 0.484 0.106 -0.810 -1.347 -1.831 -2.512 -3.073 -3.145
0.001 -1.19029 10.00000 0.8671919703 2.4401457310    0.781  2.406  3.6763  1.582    7  0.000  0.517     0.00     0.00     0.00     0.00     0.00 -1 -6.73e-09      0.00 7.403e-01 2.571e-01 1.686e-04 5.278e-05 4.344e-04 -1.000 2.584e-03 -1.244 0.481 0.052 -0.896 -1.444 -1.933 -2.626 -3.195 -3.267
0.001 -1.19029 10.00000 0.8672060370 2.4401497841    0.777  2.446  3.6729  1.526    7  0.000  0.517     0.00     0.00     0.00     0.00     0.00 -1 -8.56e-09      0.00 7.403e-01 2.571e-01 1.685e-04 5.279e-05 4.344e-04 -1.000 2.520e-03 -1.345 0.482 0.001 -0.982 -1.541 -2.037 -2.740 -3.317 -3.390
0.001 -1.19029 10.00000 0.8672186732 2.4401533604    0.773  2.486  3.6696  1.471    7  0.000  0.517     0.00     0.00     0.00     0.00     0.00 -1 -1.08e-08      0.00 7.403e-01 2.572e-01 1.684e-04 5.283e-05 4.344e-04 -1.000 2.498e-03 -1.445 0.445 -0.063 -1.061 -1.630 -2.134 -2.851 -3.439 -3.514
0.001 -1.19029 10.00000 0.8672301173 2.4401566982    0.768  2.526  3.6662  1.414    7  0.000  0.515     0.00     0.00     0.00     0.00     0.00 -1 -1.37e-08      0.00 7.403e-01 2.572e-01 1.679e-04 5.307e-05 4.344e-04 -1.000 2.482e-03 -1.545 0.463 -0.106 -1.143 -1.724 -2.235 -2.964 -3.561 -3.636
0.001 -1.19029 10.00000 0.8672404289 2.4401597977    0.762  2.565  3.6618  1.354    7  0.000  0.512     0.00     0.00     0.00     0.00     0.00 -1 -1.76e-08      0.00 7.403e-01 2.572e-01 1.669e-04 5.389e-05 4.344e-04 -1.000 2.429e-03 -1.643 0.519 -0.129 -1.216 -1.814 -2.334 -3.079 -3.687 -3.763
0.001 -1.19029 10.00000 0.8672499061 2.4401624203    0.755  2.605  3.6549  1.283    7  0.000  0.506     0.00     0.00     0.00     0.00     0.00 -1 -2.26e-08      0.00 7.403e-01 2.573e-01 1.649e-04 5.596e-05 4.345e-04 -1.000 2.397e-03 -1.742 0.645 -0.115 -1.269 -1.892 -2.428 -3.200 -3.828 -3.907
0.001 -1.19029 10.00000 0.8672543168 2.4401638508    0.751  2.624  3.6522  1.250    7  0.000  0.502     0.00     0.00     0.00     0.00     0.00 -1 -2.56e-08      0.00 7.403e-01 2.573e-01 1.636e-04 5.753e-05 4.345e-04 -1.000 2.396e-03 -1.791 0.674 -0.123 -1.298 -1.931 -2.473 -3.258 -3.894 -3.975
0.001 -1.19029 10.00000 0.8672627807 2.4401662350    0.742  2.663  3.6481  1.190    7  0.000  0.494     0.00     0.00     0.00     0.00     0.00 -1 -3.27e-08      0.00 7.402e-01 2.574e-01 1.610e-04 6.070e-05 4.346e-04 -1.000 2.383e-03 -1.888 0.704 -0.156 -1.365 -2.012 -2.565 -3.366 -4.016 -4.100
0.001 -1.19029 10.00000 0.8672708869 2.4401686192    0.731  2.702  3.6448  1.131    7  0.000  0.486     0.00     0.00     0.00     0.00     0.00 -1 -4.19e-08      0.00 7.401e-01 2.575e-01 1.585e-04 6.371e-05 4.346e-04 -1.000 2.349e-03 -1.985 0.720 -0.197 -1.435 -2.096 -2.657 -3.473 -4.134 -4.220
0.001 -1.19029 10.00000 0.8672787547 2.4401710033    0.718  2.741  3.6414  1.071    7  0.000  0.480     0.00     0.00     0.00     0.00     0.00 -1 -5.41e-08      0.00 7.400e-01 2.576e-01 1.564e-04 6.638e-05 4.346e-04 -1.000 2.310e-03 -2.083 0.739 -0.237 -1.504 -2.179 -2.750 -3.581 -4.253 -4.341
0.001 -1.19029 10.00000 0.8672863245 2.4401731491    0.700  2.780  3.6380  1.007    7  0.000  0.474     0.00     0.00     0.00     0.00     0.00 -1 -7.13e-08      0.00 7.400e-01 2.577e-01 1.545e-04 6.874e-05 4.347e-04 -1.000 2.298e-03 -2.181 0.766 -0.273 -1.572 -2.261 -2.842 -3.689 -4.372 -4.463
0.001 -1.19029 10.00000 0.8672931790 2.4401750565    0.680  2.818  3.6346  0.943    7  0.000  0.469     0.00     0.00     0.00     0.00     0.00 -1 -9.48e-08      0.00 7.399e-01 2.578e-01 1.529e-04 7.076e-05 4.347e-04 -1.000 2.293e-03 -2.276 0.811 -0.298 -1.633 -2.339 -2.931 -3.793 -4.488 -4.581
0.001 -1.19029 10.00000 0.8672997355 2.4401769638    0.654  2.857  3.6315  0.874    7  0.000  0.464     0.00     0.00     0.00     0.00     0.00 -1  -1.3e-07      0.00 7.398e-01 2.579e-01 1.514e-04 7.259e-05 4.347e-04 -1.000 2.289e-03 -2.373 0.856 -0.325 -1.697 -2.419 -3.022 -3.900 -4.604 -4.700
0.001 -1.19029 10.00000 0.8673051000 2.4401786327    0.624  2.893  3.6295  0.810    7  0.000  0.461     0.00     0.00     0.00     0.00     0.00 -1  -1.8e-07      0.00 7.397e-01 2.580e-01 1.502e-04 7.399e-05 4.347e-04 -1.000 2.266e-03 -2.463 0.879 -0.360 -1.762 -2.498 -3.109 -3.997 -4.707 -4.805
0.001 -1.19029 10.00000 0.8673089147 2.4401795864    0.594  2.925  3.6299  0.759    7  0.000  0.458     0.00     0.00     0.00     0.00     0.00 -1 -2.42e-07      0.00 7.397e-01 2.581e-01 1.493e-04 7.509e-05 4.346e-04 -1.000 2.223e-03 -2.542 0.835 -0.426 -1.840 -2.579 -3.191 -4.078 -4.785 -4.882
0.001 -1.19029 10.00000 0.8673122525 2.4401805401    0.561  2.956  3.6338  0.718    7  0.000  0.456     0.00     0.00     0.00     0.00     0.00 -1  -3.3e-07      0.00 7.396e-01 2.582e-01 1.485e-04 7.614e-05 4.345e-04 -1.000 2.211e-03 -2.620 0.692 -0.545 -1.947 -2.678 -3.280 -4.151 -4.842 -4.936
0.001 -1.19029 10.00000 0.8673146367 2.4401812553    0.520  2.982  3.6440  0.700    7  0.000  0.453     0.00     0.00     0.00     0.00     0.00 -1 -4.25e-07      0.00 7.395e-01 2.582e-01 1.477e-04 7.720e-05 4.345e-04 -1.000 2.294e-03 -2.685 0.379 -0.749 -2.095 -2.794 -3.371 -4.196 -4.848 -4.935
0.001 -1.19029 10.00000 1.0934827328 2.4905769825    0.546 -4.208  3.6549  7.955    9  0.546  0.000     0.00     0.00     0.00     0.00     0.00 -1    -1e-30      0.00 7.277e-01 2.714e-01 1.348e-04 1.063e-04 4.391e-04 -1.000 9.460e-04 15.291 17.465 16.798 15.801 15.110 14.555 13.848 13.320 13.187
#isochrone terminated
