# File generated by CMD 3.4 (http://stev.oapd.inaf.it/cmd) on Tue May 18 04:00:48 CEST 2021
# isochrones based on PARSEC release v1.2S +  COLIBRI S_37 + S_35 + PR16
# Basic references: Bressan et al. (2012), MNRAS, 427, 127 + Chen et al. (2014, 2015), MNRAS, 444, 2525 + MNRAS, 452, 1068 + Tang et al. (2014), MNRAS, 445, 4287 + Marigo et al. (2017), ApJ, 835, 77 + Pastorelli al. (2019), MNRAS, 485, 5666 + Pastorelli al. (2020), MNRAS, in press
# Thermal pulse cycles included 
# On RGB, assumed Reimers mass loss with efficiency eta=0.2
# LPV periods and growth rates added cf. Trabucchi et al. (2019)
# Photometric system: <i>UBVRIJHK</i> (cf. Maiz-Apellaniz 2006 + Bessell 1990)
# Using YBC version of bolometric corrections as in Chen et al. (2019)
# O-rich circumstellar dpmod60alox40 dust from Groenewegen (2006)
# C-rich circumstellar AMCSIC15 dust from Groenewegen (2006)
# IMF: Kroupa (2001, 2002) + Kroupa et al. (2013) canonical two-part-power law IMF corrected for unresolved binaries 
# Kind of output: isochrone tables
# Zini     MH   logAge Mini        int_IMF         Mass   logL    logTe  logg  label   McoreTP C_O  period0  period1  period2  period3  period4  pmode  Mloss  tau1m   X   Y   Xc  Xn  Xo  Cexcess  Z 	 mbolmag  Umag    Bmag    Vmag    Rmag    Imag    Jmag    Hmag    Kmag
0.0152 0.01508 10.00000 0.0900000036 1.0816895962    0.090 -3.423  3.3625  5.217    1  0.000  0.545     0.00     0.00     0.00     0.00     0.00 -1  -3.9e-17      0.00 7.080e-01 2.767e-01 2.746e-03 7.408e-04 6.719e-03 -1.000 1.527e-02 13.327 22.582 19.963 18.134 15.987 13.742 11.250 10.639 10.352
0.0152 0.01508 10.00000 0.1000000015 1.1711064577    0.100 -3.240  3.3884  5.184    1  0.000  0.545     0.00     0.00     0.00     0.00     0.00 -1 -2.59e-17      0.00 7.076e-01 2.771e-01 2.746e-03 7.408e-04 6.719e-03 -1.000 1.527e-02 12.871 22.063 19.480 17.660 15.526 13.285 10.794 10.185 9.894
0.0152 0.01508 10.00000 0.1077039689 1.2324166298    0.108 -3.133  3.4026  5.165    1  0.000  0.545     0.00     0.00     0.00     0.00     0.00 -1 -4.21e-17      0.00 7.072e-01 2.775e-01 2.746e-03 7.408e-04 6.719e-03 -1.000 1.527e-02 12.601 21.758 19.195 17.381 15.253 13.016 10.525 9.917 9.624
0.0152 0.01508 10.00000 0.1200000122 1.3193155527    0.120 -2.975  3.4232  5.137    1  0.000  0.545     0.00     0.00     0.00     0.00     0.00 -1 -1.04e-16      0.00 7.067e-01 2.780e-01 2.746e-03 7.408e-04 6.719e-03 -1.000 1.527e-02 12.209 20.982 18.552 16.767 14.721 12.540 10.148 9.539 9.242
0.0152 0.01508 10.00000 0.1400000006 1.4384527206    0.140 -2.792  3.4435  5.102    1  0.000  0.545     0.00     0.00     0.00     0.00     0.00 -1 -1.53e-16      0.00 7.060e-01 2.788e-01 2.746e-03 7.408e-04 6.719e-03 -1.000 1.527e-02 11.749 19.436 17.335 15.638 13.830 11.819 9.736 9.125 8.827
0.0152 0.01508 10.00000 0.1496137679 1.4881080389    0.150 -2.721  3.4502  5.087    1  0.000  0.545     0.00     0.00     0.00     0.00     0.00 -1 -1.77e-16      0.00 7.056e-01 2.791e-01 2.746e-03 7.408e-04 6.719e-03 -1.000 1.527e-02 11.573 18.930 16.924 15.254 13.520 11.565 9.576 8.964 8.667
0.0152 0.01508 10.00000 0.1599999964 1.5372931957    0.160 -2.650  3.4571  5.073    1  0.000  0.545     0.00     0.00     0.00     0.00     0.00 -1 -2.05e-16      0.00 7.053e-01 2.794e-01 2.746e-03 7.408e-04 6.719e-03 -1.000 1.527e-02 11.395 18.428 16.515 14.865 13.204 11.315 9.415 8.802 8.507
0.0152 0.01508 10.00000 0.2000000030 1.6938791275    0.200 -2.430  3.4758  5.025    1  0.000  0.545     0.00     0.00     0.00     0.00     0.00 -1 -3.21e-16      0.00 7.042e-01 2.806e-01 2.746e-03 7.408e-04 6.719e-03 -1.000 1.527e-02 10.846 17.085 15.388 13.797 12.319 10.596 8.911 8.296 8.010
0.0152 0.01508 10.00000 0.2500000000 1.8403258324    0.250 -2.217  3.4921  4.974    1  0.000  0.545     0.00     0.00     0.00     0.00     0.00 -1 -3.89e-17      0.00 7.033e-01 2.814e-01 2.746e-03 7.408e-04 6.719e-03 -1.000 1.527e-02 10.314 15.966 14.417 12.861 11.515 9.945 8.419 7.802 7.527
0.0152 0.01508 10.00000 0.3000000119 1.9529139996    0.300 -2.052  3.5027  4.930    1  0.000  0.545     0.00     0.00     0.00     0.00     0.00 -1 -1.13e-17      0.00 7.030e-01 2.817e-01 2.746e-03 7.408e-04 6.719e-03 -1.000 1.527e-02 9.900 15.230 13.759 12.237 10.962 9.473 8.031 7.410 7.144
0.0152 0.01508 10.00000 0.3493747115 2.0423915386    0.349 -1.906  3.5113  4.885    1  0.000  0.545     0.00     0.00     0.00     0.00     0.00 -1 -2.32e-16      0.00 7.088e-01 2.759e-01 2.746e-03 7.408e-04 6.719e-03 -1.000 1.527e-02 9.536 14.629 13.211 11.717 10.494 9.068 7.686 7.062 6.803
0.0152 0.01508 10.00000 0.3500000238 2.0434176922    0.350 -1.905  3.5114  4.884    1  0.000  0.545     0.00     0.00     0.00     0.00     0.00 -1 -2.34e-16      0.00 7.089e-01 2.759e-01 2.746e-03 7.408e-04 6.719e-03 -1.000 1.527e-02 9.532 14.622 13.205 11.711 10.488 9.063 7.682 7.058 6.799
0.0152 0.01508 10.00000 0.3668254614 2.0701627731    0.367 -1.854  3.5153  4.870    1  0.000  0.545     0.00     0.00     0.00     0.00     0.00 -1 -4.02e-16      0.00 7.089e-01 2.758e-01 2.746e-03 7.408e-04 6.719e-03 -1.000 1.527e-02 9.405 14.402 13.002 11.518 10.316 8.919 7.565 6.938 6.682
0.0152 0.01508 10.00000 0.4000000358 2.1185026169    0.400 -1.760  3.5225  4.842    1  0.000  0.545     0.00     0.00     0.00     0.00     0.00 -1 -1.31e-15      0.00 7.091e-01 2.756e-01 2.746e-03 7.408e-04 6.719e-03 -1.000 1.527e-02 9.171 14.005 12.634 11.167 10.003 8.656 7.348 6.717 6.467
0.0152 0.01508 10.00000 0.4500000477 2.1822810173    0.450 -1.610  3.5350  4.793    1  0.000  0.545     0.00     0.00     0.00     0.00     0.00 -1 -1.85e-15      0.00 7.092e-01 2.755e-01 2.746e-03 7.408e-04 6.719e-03 -1.000 1.527e-02 8.795 13.394 12.052 10.614 9.504 8.239 7.004 6.362 6.123
0.0152 0.01508 10.00000 0.5000000000 2.2374541759    0.500 -1.451  3.5504  4.742    1  0.000  0.545     0.00     0.00     0.00     0.00     0.00 -1 -2.68e-15      0.00 7.092e-01 2.755e-01 2.746e-03 7.408e-04 6.719e-03 -1.000 1.527e-02 8.398 12.761 11.429 10.018 8.967 7.799 6.645 5.992 5.765
0.0152 0.01508 10.00000 0.5500000119 2.2836582661    0.550 -1.273  3.5707  4.686    1  0.000  0.545     0.00     0.00     0.00     0.00     0.00 -1  -4.1e-15      0.00 7.319e-01 2.540e-01 2.545e-03 6.868e-04 6.231e-03 -1.000 1.417e-02 7.952 12.068 10.718 9.327 8.338 7.309 6.255 5.587 5.378
0.0152 0.01508 10.00000 0.6000000238 2.3211214542    0.600 -1.098  3.5958  4.649    1  0.000  0.544     0.00     0.00     0.00     0.00     0.00 -1 -6.13e-15      0.00 7.352e-01 2.507e-01 2.517e-03 6.796e-04 6.166e-03 -1.000 1.404e-02 7.515 11.372 9.987 8.630 7.702 6.838 5.884 5.196 5.022
0.0152 0.01508 10.00000 0.6499999762 2.3520355225    0.650 -0.919  3.6267  4.628    1  0.000  0.544     0.00     0.00     0.00     0.00     0.00 -1 -9.12e-15      0.00 7.383e-01 2.478e-01 2.492e-03 6.729e-04 6.107e-03 -1.000 1.389e-02 7.066 10.598 9.174 7.909 7.057 6.363 5.507 4.822 4.696
0.0152 0.01508 10.00000 0.6599112749 2.3575270176    0.660 -0.883  3.6331  4.625    1  0.000  0.544     0.00     0.00     0.00     0.00     0.00 -1 -9.87e-15      0.00 7.389e-01 2.472e-01 2.488e-03 6.716e-04 6.095e-03 -1.000 1.387e-02 6.977 10.419 9.002 7.763 6.929 6.270 5.434 4.755 4.638
0.0152 0.01508 10.00000 0.7000000477 2.3779268265    0.700 -0.743  3.6579  4.610    1  0.000  0.544     0.00     0.00     0.00     0.00     0.00 -1 -1.34e-14      0.00 7.412e-01 2.450e-01 2.469e-03 6.666e-04 6.050e-03 -1.000 1.378e-02 6.628 9.574 8.317 7.195 6.448 5.906 5.154 4.527 4.437
0.0152 0.01508 10.00000 0.7199136615 2.3870944977    0.720 -0.674  3.6700  4.601    1  0.000  0.541     0.00     0.00     0.00     0.00     0.00 -1 -1.57e-14      0.00 7.425e-01 2.438e-01 2.444e-03 6.634e-04 6.025e-03 -1.000 1.370e-02 6.456 9.124 7.988 6.928 6.228 5.725 5.017 4.427 4.345
0.0152 0.01508 10.00000 0.7426754832 2.3968837261    0.743 -0.596  3.6833  4.590    1  0.000  0.538     0.00     0.00     0.00     0.00     0.00 -1 -1.87e-14      0.00 7.440e-01 2.423e-01 2.417e-03 6.597e-04 5.996e-03 -1.000 1.365e-02 6.261 8.624 7.635 6.639 5.993 5.524 4.864 4.320 4.243
0.0152 0.01508 10.00000 0.7500000000 2.3998889923    0.750 -0.571  3.6875  4.586    1  0.000  0.537     0.00     0.00     0.00     0.00     0.00 -1 -1.98e-14      0.00 7.445e-01 2.419e-01 2.409e-03 6.585e-04 5.986e-03 -1.000 1.359e-02 6.198 8.476 7.528 6.550 5.920 5.461 4.815 4.283 4.208
0.0152 0.01508 10.00000 0.7583735585 2.4032430649    0.758 -0.544  3.6915  4.579    1  0.000  0.536     0.00     0.00     0.00     0.00     0.00 -1 -2.11e-14      0.00 7.453e-01 2.412e-01 2.403e-03 6.568e-04 5.971e-03 -1.000 1.353e-02 6.129 8.324 7.416 6.457 5.841 5.391 4.758 4.238 4.166
0.0152 0.01508 10.00000 0.7776705623 2.4106569290    0.777 -0.480  3.7006  4.563    1  0.000  0.536     0.00     0.00     0.00     0.00     0.00 -1 -2.47e-14      0.00 7.470e-01 2.395e-01 2.388e-03 6.530e-04 5.937e-03 -1.000 1.349e-02 5.969 7.972 7.163 6.244 5.663 5.232 4.630 4.137 4.070
0.0152 0.01508 10.00000 0.7952715158 2.4170596600    0.795 -0.422  3.7088  4.547    1  0.000  0.536     0.00     0.00     0.00     0.00     0.00 -1 -2.84e-14      0.00 7.486e-01 2.380e-01 2.375e-03 6.496e-04 5.906e-03 -1.000 1.341e-02 5.824 7.669 6.944 6.058 5.504 5.088 4.513 4.045 3.980
0.0152 0.01508 10.00000 0.8000000119 2.4187245369    0.800 -0.406  3.7109  4.542    1  0.000  0.536     0.00     0.00     0.00     0.00     0.00 -1 -2.95e-14      0.00 7.490e-01 2.376e-01 2.372e-03 6.487e-04 5.898e-03 -1.000 1.340e-02 5.785 7.589 6.886 6.008 5.461 5.050 4.482 4.020 3.956
0.0152 0.01508 10.00000 0.8115743399 2.4227061272    0.811 -0.367  3.7160  4.530    1  0.000  0.536     0.00     0.00     0.00     0.00     0.00 -1 -3.24e-14      0.00 7.502e-01 2.365e-01 2.362e-03 6.460e-04 5.874e-03 -1.000 1.335e-02 5.688 7.398 6.746 5.889 5.359 4.956 4.404 3.956 3.894
0.0152 0.01508 10.00000 0.8286699653 2.4283535480    0.828 -0.310  3.7232  4.511    1  0.000  0.536     0.00     0.00     0.00     0.00     0.00 -1 -3.75e-14      0.00 7.520e-01 2.347e-01 2.348e-03 6.421e-04 5.840e-03 -1.000 1.330e-02 5.545 7.123 6.544 5.715 5.207 4.817 4.288 3.859 3.800
0.0152 0.01508 10.00000 0.8440065980 2.4331967831    0.843 -0.258  3.7295  4.492    1  0.000  0.536     0.00     0.00     0.00     0.00     0.00 -1 -4.27e-14      0.00 7.536e-01 2.332e-01 2.335e-03 6.386e-04 5.809e-03 -1.000 1.323e-02 5.416 6.885 6.368 5.562 5.072 4.691 4.182 3.770 3.713
0.0152 0.01508 10.00000 0.8500000238 2.4350347519    0.849 -0.238  3.7319  4.485    1  0.000  0.536     0.00     0.00     0.00     0.00     0.00 -1  -4.5e-14      0.00 7.542e-01 2.326e-01 2.330e-03 6.373e-04 5.797e-03 -1.000 1.320e-02 5.365 6.794 6.299 5.503 5.020 4.643 4.141 3.735 3.679
0.0152 0.01508 10.00000 0.8506687880 2.4352381229    0.850 -0.236  3.7321  4.484    1  0.000  0.536     0.00     0.00     0.00     0.00     0.00 -1 -4.52e-14      0.00 7.543e-01 2.325e-01 2.329e-03 6.371e-04 5.795e-03 -1.000 1.319e-02 5.359 6.784 6.291 5.497 5.014 4.638 4.136 3.731 3.675
0.0152 0.01508 10.00000 0.8669279218 2.4400689602    0.866 -0.179  3.7381  4.460    1  0.000  0.536     0.00     0.00     0.00     0.00     0.00 -1 -5.24e-14      0.00 7.563e-01 2.306e-01 2.312e-03 6.326e-04 5.754e-03 -1.000 1.312e-02 5.219 6.542 6.104 5.335 4.869 4.503 4.021 3.631 3.578
0.0152 0.01508 10.00000 0.8824838400 2.4444997311    0.882 -0.125  3.7436  4.434    1  0.000  0.536     0.00     0.00     0.00     0.00     0.00 -1 -6.06e-14      0.00 7.583e-01 2.287e-01 2.296e-03 6.283e-04 5.716e-03 -1.000 1.296e-02 5.082 6.311 5.928 5.181 4.731 4.375 3.908 3.531 3.481
0.0152 0.01508 10.00000 0.8968155384 2.4484257698    0.896 -0.074  3.7483  4.409    1  0.000  0.536     0.00     0.00     0.00     0.00     0.00 -1 -6.97e-14      0.00 7.601e-01 2.270e-01 2.282e-03 6.244e-04 5.681e-03 -1.000 1.289e-02 4.954 6.100 5.766 5.039 4.603 4.254 3.801 3.434 3.387
0.0152 0.01508 10.00000 0.9000000358 2.4492788315    0.899 -0.062  3.7493  4.403    1  0.000  0.535     0.00     0.00     0.00     0.00     0.00 -1 -7.19e-14      0.00 7.605e-01 2.267e-01 2.279e-03 6.235e-04 5.673e-03 -1.000 1.288e-02 4.925 6.053 5.730 5.007 4.574 4.227 3.776 3.412 3.365
0.0152 0.01508 10.00000 0.9123089910 2.4525110722    0.911 -0.017  3.7528  4.377    1  0.000  0.535     0.00     0.00     0.00     0.00     0.00 -1 -8.16e-14      0.00 7.623e-01 2.248e-01 2.263e-03 6.194e-04 5.636e-03 -1.000 1.284e-02 4.811 5.883 5.593 4.885 4.462 4.120 3.679 3.323 3.277
0.0152 0.01508 10.00000 0.9294092059 2.4568386078    0.928  0.047  3.7570  4.339    1  0.000  0.535     0.00     0.00     0.00     0.00     0.00 -1 -9.78e-14      0.00 7.649e-01 2.224e-01 2.242e-03 6.138e-04 5.587e-03 -1.000 1.272e-02 4.652 5.658 5.406 4.715 4.304 3.969 3.539 3.193 3.149
0.0152 0.01508 10.00000 0.9448647499 2.4605951309    0.944  0.104  3.7599  4.300    1  0.000  0.535     0.00     0.00     0.00     0.00     0.00 -1 -1.16e-13      0.00 7.668e-01 2.206e-01 2.227e-03 6.097e-04 5.550e-03 -1.000 1.259e-02 4.509 5.470 5.243 4.565 4.162 3.831 3.409 3.069 3.027
0.0152 0.01508 10.00000 0.9500000477 2.4618122578    0.949  0.125  3.7607  4.285    1  0.000  0.535     0.00     0.00     0.00     0.00     0.00 -1 -1.23e-13      0.00 7.668e-01 2.206e-01 2.228e-03 6.099e-04 5.551e-03 -1.000 1.260e-02 4.458 5.406 5.186 4.512 4.111 3.781 3.362 3.024 2.982
0.0152 0.01508 10.00000 0.9568482041 2.4634120464    0.956  0.153  3.7618  4.265    1  0.000  0.535     0.00     0.00     0.00     0.00     0.00 -1 -1.34e-13      0.00 7.670e-01 2.204e-01 2.227e-03 6.096e-04 5.550e-03 -1.000 1.261e-02 4.388 5.321 5.109 4.440 4.042 3.714 3.297 2.962 2.920
0.0152 0.01508 10.00000 0.9585533142 2.4638063908    0.957  0.160  3.7620  4.259    1  0.000  0.535     0.00     0.00     0.00     0.00     0.00 -1 -1.37e-13      0.00 7.669e-01 2.205e-01 2.227e-03 6.098e-04 5.551e-03 -1.000 1.262e-02 4.370 5.300 5.090 4.421 4.024 3.697 3.280 2.946 2.904
0.0152 0.01508 10.00000 0.9680970907 2.4659833908    0.967  0.201  3.7628  4.225    1  0.000  0.535     0.00     0.00     0.00     0.00     0.00 -1 -1.56e-13      0.00 7.662e-01 2.211e-01 2.234e-03 6.117e-04 5.568e-03 -1.000 1.269e-02 4.267 5.185 4.981 4.317 3.922 3.596 3.181 2.848 2.807
0.0152 0.01508 10.00000 0.9755672216 2.4676535130    0.975  0.234  3.7628  4.196    1  0.000  0.535     0.00     0.00     0.00     0.00     0.00 -1 -1.73e-13      0.00 7.654e-01 2.219e-01 2.243e-03 6.142e-04 5.591e-03 -1.000 1.273e-02 4.184 5.099 4.897 4.233 3.839 3.513 3.099 2.766 2.725
0.0152 0.01508 10.00000 0.9840705991 2.4695188999    0.983  0.273  3.7621  4.158    1  0.000  0.535     0.00     0.00     0.00     0.00     0.00 -1 -1.97e-13      0.00 7.635e-01 2.236e-01 2.263e-03 6.195e-04 5.640e-03 -1.000 1.284e-02 4.086 5.008 4.802 4.137 3.742 3.415 2.998 2.664 2.623
0.0152 0.01508 10.00000 0.9897478223 2.4707438946    0.989  0.300  3.7610  4.129    1  0.000  0.535     0.00     0.00     0.00     0.00     0.00 -1 -2.16e-13      0.00 7.618e-01 2.253e-01 2.280e-03 6.244e-04 5.684e-03 -1.000 1.290e-02 4.019 4.954 4.741 4.072 3.674 3.346 2.926 2.589 2.548
0.0152 0.01508 10.00000 0.9916135669 2.4711430073    0.991  0.309  3.7605  4.119    2  0.000  0.535     0.00     0.00     0.00     0.00     0.00 -1 -2.24e-13      0.00 7.604e-01 2.265e-01 2.293e-03 6.280e-04 5.717e-03 -1.000 1.303e-02 3.997 4.938 4.722 4.050 3.652 3.322 2.901 2.563 2.521
0.0152 0.01508 10.00000 0.9992115498 2.4727504253    0.998  0.346  3.7568  4.071    2  0.000  0.535     0.00     0.00     0.00     0.00     0.00 -1 -2.55e-13      0.00 7.543e-01 2.323e-01 2.350e-03 6.435e-04 5.858e-03 -1.000 1.334e-02 3.905 4.896 4.653 3.967 3.560 3.225 2.793 2.447 2.403
0.0152 0.01508 10.00000 1.0000000000 2.4729156494    0.999  0.349  3.7560  4.064    2  0.000  0.535     0.00     0.00     0.00     0.00     0.00 -1 -2.59e-13      0.00 7.534e-01 2.332e-01 2.358e-03 6.457e-04 5.878e-03 -1.000 1.339e-02 3.897 4.898 4.650 3.960 3.552 3.215 2.781 2.433 2.389
0.0152 0.01508 10.00000 1.0062853098 2.4742217064    1.005  0.377  3.7489  4.011    2  0.000  0.535     0.00     0.00     0.00     0.00     0.00 -1  -2.9e-13      0.00 7.453e-01 2.409e-01 2.427e-03 6.645e-04 6.047e-03 -1.000 1.375e-02 3.828 4.929 4.627 3.909 3.483 3.135 2.681 2.316 2.269
0.0152 0.01508 10.00000 1.0105534792 2.4750981331    1.009  0.388  3.7396  3.965    2  0.000  0.536     0.00     0.00     0.00     0.00     0.00 -1 -3.12e-13      0.00 7.380e-01 2.480e-01 2.486e-03 6.803e-04 6.188e-03 -1.000 1.407e-02 3.800 5.035 4.657 3.906 3.458 3.096 2.615 2.227 2.177
0.0152 0.01508 10.00000 1.0134459734 2.4756872654    1.012  0.388  3.7291  3.923    2  0.000  0.536     0.00     0.00     0.00     0.00     0.00 -1 -3.27e-13      0.00 7.322e-01 2.535e-01 2.531e-03 6.923e-04 6.296e-03 -1.000 1.433e-02 3.799 5.191 4.731 3.938 3.465 3.086 2.572 2.156 2.102
0.0152 0.01508 10.00000 1.0154302120 2.4760892391    1.014  0.388  3.7192  3.885    2  0.000  0.536     0.00     0.00     0.00     0.00     0.00 -1  -3.4e-13      0.00 7.280e-01 2.575e-01 2.563e-03 7.006e-04 6.370e-03 -1.000 1.445e-02 3.799 5.348 4.806 3.975 3.476 3.080 2.534 2.092 2.034
0.0152 0.01508 10.00000 1.0172933340 2.4764649868    1.016  0.399  3.7096  3.836    2  0.000  0.537     0.00     0.00     0.00     0.00     0.00 -1 -3.67e-13      0.00 7.242e-01 2.611e-01 2.589e-03 7.078e-04 6.433e-03 -1.000 1.463e-02 3.772 5.482 4.854 3.987 3.463 3.050 2.472 2.002 1.940
0.0152 0.01508 10.00000 1.0191289186 2.4768335819    1.018  0.429  3.7015  3.774    2  0.000  0.537     0.00     0.00     0.00     0.00     0.00 -1 -4.19e-13      0.00 7.205e-01 2.647e-01 2.612e-03 7.139e-04 6.487e-03 -1.000 1.476e-02 3.696 5.546 4.847 3.948 3.401 2.973 2.368 1.875 1.810
0.0152 0.01508 10.00000 1.0201272964 2.4770333767    1.019  0.454  3.6980  3.736    2  0.000  0.537     0.00     0.00     0.00     0.00     0.00 -1 -4.62e-13      0.00 7.185e-01 2.667e-01 2.623e-03 7.169e-04 6.514e-03 -1.000 1.479e-02 3.635 5.547 4.817 3.904 3.348 2.913 2.295 1.792 1.725
0.0152 0.01508 10.00000 1.0215713978 2.4773216248    1.020  0.505  3.6946  3.673    3  0.000  0.537     0.00     0.00     0.00     0.00     0.00 -1 -5.56e-13      0.00 7.152e-01 2.699e-01 2.635e-03 7.206e-04 6.545e-03 -1.000 1.486e-02 3.509 5.478 4.720 3.794 3.229 2.787 2.157 1.643 1.575
0.0152 0.01508 10.00000 1.0228266716 2.4775714874    1.021  0.556  3.6923  3.613    3  0.000  0.535     0.00     0.00     0.00     0.00     0.00 -1 -6.69e-13      0.00 7.120e-01 2.731e-01 2.634e-03 7.262e-04 6.567e-03 -1.000 1.493e-02 3.380 5.386 4.612 3.676 3.106 2.660 2.022 1.500 1.431
0.0152 0.01508 10.00000 1.0237306356 2.4777510166    1.022  0.597  3.6910  3.566    3  0.000  0.530     0.00     0.00     0.00     0.00     0.00 -1 -7.75e-13      0.00 7.092e-01 2.758e-01 2.616e-03 7.415e-04 6.581e-03 -1.000 1.498e-02 3.277 5.301 4.519 3.579 3.005 2.557 1.914 1.388 1.318
0.0152 0.01508 10.00000 1.0245987177 2.4779229164    1.023  0.641  3.6898  3.518    3  0.000  0.521     0.00     0.00     0.00     0.00     0.00 -1 -9.02e-13      0.00 7.064e-01 2.785e-01 2.575e-03 7.804e-04 6.594e-03 -1.000 1.502e-02 3.169 5.209 4.420 3.476 2.901 2.450 1.802 1.273 1.202
0.0152 0.01508 10.00000 1.0254149437 2.4780843258    1.024  0.684  3.6886  3.470    3  0.000  0.508     0.00     0.00     0.00     0.00     0.00 -1 -1.05e-12      0.00 7.038e-01 2.811e-01 2.516e-03 8.457e-04 6.603e-03 -1.000 1.503e-02 3.059 5.118 4.321 3.372 2.794 2.341 1.689 1.156 1.085
0.0152 0.01508 10.00000 1.0261753798 2.4782345295    1.025  0.729  3.6876  3.422    3  0.000  0.495     0.00     0.00     0.00     0.00     0.00 -1 -1.23e-12      0.00 7.014e-01 2.835e-01 2.453e-03 9.225e-04 6.610e-03 -1.000 1.506e-02 2.949 5.028 4.223 3.267 2.687 2.231 1.575 1.039 0.968
0.0152 0.01508 10.00000 1.0268266201 2.4783627987    1.025  0.769  3.6866  3.378    3  0.000  0.484     0.00     0.00     0.00     0.00     0.00 -1 -1.42e-12      0.00 6.993e-01 2.856e-01 2.400e-03 9.900e-04 6.616e-03 -1.000 1.508e-02 2.847 4.945 4.131 3.170 2.588 2.129 1.470 0.931 0.860
0.0152 0.01508 10.00000 1.0274474621 2.4784851074    1.026  0.811  3.6855  3.332    3  0.000  0.475     0.00     0.00     0.00     0.00     0.00 -1 -1.65e-12      0.00 6.976e-01 2.873e-01 2.360e-03 1.041e-03 6.621e-03 -1.000 1.509e-02 2.742 4.861 4.038 3.071 2.486 2.025 1.361 0.820 0.748
0.0152 0.01508 10.00000 1.0280750990 2.4786083698    1.026  0.857  3.6842  3.281    3  0.000  0.468     0.00     0.00     0.00     0.00     0.00 -1 -1.94e-12      0.00 6.960e-01 2.889e-01 2.327e-03 1.083e-03 6.624e-03 -1.000 1.511e-02 2.627 4.771 3.936 2.962 2.374 1.910 1.242 0.697 0.624
0.0152 0.01508 10.00000 1.0286061764 2.4787127972    1.027  0.899  3.6830  3.234    3  0.000  0.464     0.00     0.00     0.00     0.00     0.00 -1 -2.25e-12      0.00 6.949e-01 2.900e-01 2.306e-03 1.112e-03 6.627e-03 -1.000 1.513e-02 2.523 4.690 3.844 2.864 2.272 1.806 1.134 0.585 0.512
0.0152 0.01508 10.00000 1.0290813446 2.4788057804    1.027  0.940  3.6817  3.189    3  0.000  0.460     0.00     0.00     0.00     0.00     0.00 -1 -2.61e-12      0.00 6.940e-01 2.909e-01 2.290e-03 1.132e-03 6.629e-03 -1.000 1.513e-02 2.421 4.613 3.756 2.769 2.174 1.705 1.028 0.476 0.402
0.0152 0.01508 10.00000 1.0295226574 2.4788923264    1.028  0.980  3.6804  3.144    3  0.000  0.458     0.00     0.00     0.00     0.00     0.00 -1 -3.01e-12      0.00 6.933e-01 2.916e-01 2.277e-03 1.149e-03 6.631e-03 -1.000 1.511e-02 2.321 4.539 3.669 2.675 2.077 1.605 0.923 0.367 0.292
0.0152 0.01508 10.00000 1.0299593210 2.4789776802    1.028  1.023  3.6789  3.094    3  0.000  0.456     0.00     0.00     0.00     0.00     0.00 -1 -3.52e-12      0.00 6.928e-01 2.921e-01 2.268e-03 1.161e-03 6.632e-03 -1.000 1.512e-02 2.212 4.463 3.577 2.575 1.972 1.498 0.809 0.249 0.173
0.0152 0.01508 10.00000 1.0304344893 2.4790706635    1.028  1.075  3.6769  3.035    3  0.000  0.454     0.00     0.00     0.00     0.00     0.00 -1 -4.24e-12      0.00 6.923e-01 2.926e-01 2.261e-03 1.170e-03 6.633e-03 -1.000 1.513e-02 2.082 4.375 3.469 2.457 1.849 1.369 0.673 0.107 0.031
0.0152 0.01508 10.00000 1.0307823420 2.4791386127    1.029  1.117  3.6753  2.986    3  0.000  0.454     0.00     0.00     0.00     0.00     0.00 -1 -4.93e-12      0.00 6.921e-01 2.927e-01 2.258e-03 1.174e-03 6.634e-03 -1.000 1.513e-02 1.978 4.306 3.382 2.362 1.749 1.266 0.564 -0.008 -0.085
0.0152 0.01508 10.00000 1.0310891867 2.4791984558    1.029  1.157  3.6736  2.940    3  0.000  0.453     0.00     0.00     0.00     0.00     0.00 -1 -5.69e-12      0.00 6.921e-01 2.928e-01 2.256e-03 1.176e-03 6.634e-03 -1.000 1.513e-02 1.879 4.241 3.300 2.273 1.655 1.168 0.460 -0.117 -0.195
0.0152 0.01508 10.00000 1.0313726664 2.4792537689    1.029  1.196  3.6720  2.894    3  0.000  0.453     0.00     0.00     0.00     0.00     0.00 -1 -6.57e-12      0.00 6.920e-01 2.928e-01 2.255e-03 1.177e-03 6.634e-03 -1.000 1.513e-02 1.780 4.177 3.220 2.184 1.562 1.072 0.356 -0.225 -0.305
0.0152 0.01508 10.00000 1.0317133665 2.4793200493    1.029  1.248  3.6697  2.834    3  0.000  0.453     0.00     0.00     0.00     0.00     0.00 -1 -7.93e-12      0.00 6.920e-01 2.928e-01 2.255e-03 1.178e-03 6.634e-03 -1.000 1.513e-02 1.651 4.095 3.115 2.068 1.440 0.944 0.220 -0.368 -0.449
0.0152 0.01508 10.00000 1.0320152044 2.4793789387    1.030  1.298  3.6673  2.774    3  0.000  0.453     0.00     0.00     0.00     0.00     0.00 -1 -9.52e-12      0.00 6.920e-01 2.928e-01 2.255e-03 1.178e-03 6.634e-03 -1.000 1.514e-02 1.526 4.021 3.015 1.958 1.322 0.822 0.088 -0.507 -0.589
0.0152 0.01508 10.00000 1.0322917700 2.4794328213    1.030  1.348  3.6649  2.715    3  0.000  0.453     0.00     0.00     0.00     0.00     0.00 -1 -1.14e-11      0.00 6.920e-01 2.929e-01 2.254e-03 1.178e-03 6.634e-03 -1.000 1.514e-02 1.401 3.947 2.917 1.848 1.205 0.699 -0.043 -0.646 -0.730
0.0152 0.01508 10.00000 1.0325486660 2.4794826508    1.030  1.398  3.6624  2.655    3  0.000  0.453     0.00     0.00     0.00     0.00     0.00 -1 -1.37e-11      0.00 6.920e-01 2.929e-01 2.254e-03 1.179e-03 6.635e-03 -1.000 1.514e-02 1.276 3.876 2.820 1.739 1.089 0.577 -0.175 -0.786 -0.872
0.0152 0.01508 10.00000 1.0327839851 2.4795284271    1.030  1.445  3.6600  2.598    3  0.000  0.453     0.00     0.00     0.00     0.00     0.00 -1 -1.64e-11      0.00 6.920e-01 2.929e-01 2.254e-03 1.179e-03 6.635e-03 -1.000 1.514e-02 1.157 3.809 2.727 1.635 0.978 0.461 -0.301 -0.919 -1.007
0.0152 0.01508 10.00000 1.0330250263 2.4795753956    1.030  1.490  3.6577  2.544    3  0.000  0.453     0.00     0.00     0.00     0.00     0.00 -1 -1.93e-11      0.00 6.920e-01 2.929e-01 2.254e-03 1.180e-03 6.635e-03 -1.000 1.514e-02 1.045 3.749 2.643 1.539 0.875 0.352 -0.419 -1.045 -1.134
0.0152 0.01508 10.00000 1.0332717896 2.4796233177    1.030  1.524  3.6559  2.502    3  0.000  0.453     0.00     0.00     0.00     0.00     0.00 -1  -2.2e-11      0.00 6.920e-01 2.929e-01 2.253e-03 1.180e-03 6.635e-03 -1.000 1.514e-02 0.959 3.702 2.577 1.465 0.796 0.269 -0.509 -1.140 -1.231
0.0152 0.01508 10.00000 1.0334594250 2.4796595573    1.030  1.496  3.6579  2.539    3  0.000  0.453     0.00     0.00     0.00     0.00     0.00 -1    -2e-11      0.00 6.920e-01 2.929e-01 2.253e-03 1.180e-03 6.635e-03 -1.000 1.514e-02 1.031 3.729 2.625 1.523 0.860 0.338 -0.432 -1.057 -1.146
0.0152 0.01508 10.00000 1.0335848331 2.4796841145    1.030  1.454  3.6606  2.591    3  0.000  0.453     0.00     0.00     0.00     0.00     0.00 -1 -1.72e-11      0.00 6.920e-01 2.929e-01 2.253e-03 1.180e-03 6.635e-03 -1.000 1.514e-02 1.135 3.773 2.698 1.608 0.954 0.438 -0.321 -0.937 -1.025
0.0152 0.01508 10.00000 1.0335954428 2.4796860218    1.030  1.451  3.6608  2.595    3  0.000  0.453     0.00     0.00     0.00     0.00     0.00 -1 -1.69e-11      0.00 6.920e-01 2.929e-01 2.253e-03 1.180e-03 6.635e-03 -1.000 1.514e-02 1.142 3.776 2.703 1.614 0.960 0.445 -0.314 -0.930 -1.017
0.0152 0.01508 10.00000 1.0337706804 2.4797201157    1.030  1.498  3.6583  2.538    3  0.000  0.453     0.00     0.00     0.00     0.00     0.00 -1 -1.98e-11      0.00 6.920e-01 2.929e-01 2.253e-03 1.181e-03 6.635e-03 -1.000 1.514e-02 1.026 3.716 2.617 1.515 0.854 0.333 -0.436 -1.060 -1.149
0.0152 0.01508 10.00000 1.0339505672 2.4797549248    1.030  1.545  3.6556  2.480    3  0.000  0.453     0.00     0.00     0.00     0.00     0.00 -1 -2.36e-11      0.00 6.920e-01 2.929e-01 2.253e-03 1.181e-03 6.635e-03 -1.000 1.514e-02 0.908 3.664 2.531 1.416 0.746 0.217 -0.562 -1.194 -1.285
0.0152 0.01508 10.00000 1.0341225863 2.4797883034    1.030  1.593  3.6529  2.421    3  0.000  0.453     0.00     0.00     0.00     0.00     0.00 -1 -2.82e-11      0.00 6.919e-01 2.929e-01 2.252e-03 1.181e-03 6.635e-03 -1.000 1.514e-02 0.788 3.625 2.449 1.315 0.635 0.100 -0.690 -1.330 -1.423
0.0152 0.01508 10.00000 1.0342770815 2.4798181057    1.030  1.639  3.6502  2.364    3  0.000  0.453     0.00     0.00     0.00     0.00     0.00 -1 -3.35e-11      0.00 6.919e-01 2.929e-01 2.252e-03 1.181e-03 6.635e-03 -1.000 1.514e-02 0.672 3.589 2.371 1.218 0.528 -0.013 -0.814 -1.462 -1.556
0.0152 0.01508 10.00000 1.0344238281 2.4798467159    1.030  1.687  3.6474  2.305    3  0.000  0.452     0.00     0.00     0.00     0.00     0.00 -1    -4e-11      0.00 6.919e-01 2.929e-01 2.252e-03 1.182e-03 6.635e-03 -1.000 1.514e-02 0.553 3.557 2.294 1.122 0.421 -0.129 -0.941 -1.597 -1.693
0.0152 0.01508 10.00000 1.0345529318 2.4798715115    1.030  1.733  3.6446  2.249    3  0.000  0.452     0.00     0.00     0.00     0.00     0.00 -1 -4.74e-11      0.00 6.919e-01 2.929e-01 2.252e-03 1.182e-03 6.635e-03 -1.000 1.514e-02 0.439 3.529 2.221 1.030 0.319 -0.239 -1.063 -1.727 -1.825
0.0152 0.01508 10.00000 1.0346741676 2.4798951149    1.030  1.779  3.6417  2.191    3  0.000  0.452     0.00     0.00     0.00     0.00     0.00 -1 -5.64e-11      0.00 6.919e-01 2.929e-01 2.252e-03 1.182e-03 6.635e-03 -1.000 1.514e-02 0.322 3.502 2.148 0.937 0.214 -0.352 -1.187 -1.860 -1.960
0.0152 0.01508 10.00000 1.0347834826 2.4799163342    1.030  1.825  3.6389  2.134    3  0.000  0.452     0.00     0.00     0.00     0.00     0.00 -1 -6.69e-11      0.00 6.919e-01 2.929e-01 2.252e-03 1.182e-03 6.635e-03 -1.000 1.514e-02 0.208 3.477 2.076 0.847 0.113 -0.462 -1.309 -1.990 -2.092
0.0152 0.01508 10.00000 1.0348836184 2.4799356461    1.030  1.870  3.6360  2.077    3  0.000  0.452     0.00     0.00     0.00     0.00     0.00 -1 -7.93e-11      0.00 6.919e-01 2.929e-01 2.252e-03 1.182e-03 6.636e-03 -1.000 1.514e-02 0.095 3.457 2.009 0.759 0.015 -0.570 -1.429 -2.120 -2.224
0.0152 0.01508 10.00000 1.0349775553 2.4799537659    1.030  1.916  3.6330  2.019    3  0.000  0.452     0.00     0.00     0.00     0.00     0.00 -1 -9.42e-11      0.00 6.919e-01 2.929e-01 2.251e-03 1.183e-03 6.636e-03 -1.000 1.514e-02 -0.019 3.438 1.941 0.672 -0.085 -0.680 -1.551 -2.251 -2.358
0.0152 0.01508 10.00000 1.0350606441 2.4799699783    1.029  1.960  3.6301  1.963    3  0.000  0.452     0.00     0.00     0.00     0.00     0.00 -1 -1.11e-10      0.00 6.919e-01 2.929e-01 2.251e-03 1.183e-03 6.636e-03 -1.000 1.514e-02 -0.130 3.401 1.876 0.584 -0.181 -0.784 -1.668 -2.373 -2.485
0.0152 0.01508 10.00000 1.0351366997 2.4799845219    1.029  2.004  3.6271  1.907    3  0.000  0.452     0.00     0.00     0.00     0.00     0.00 -1 -1.31e-10      0.00 6.919e-01 2.929e-01 2.251e-03 1.183e-03 6.636e-03 -1.000 1.514e-02 -0.240 3.353 1.813 0.499 -0.273 -0.887 -1.784 -2.493 -2.609
0.0152 0.01508 10.00000 1.0352082253 2.4799983501    1.029  2.049  3.6241  1.850    3  0.000  0.452     0.00     0.00     0.00     0.00     0.00 -1 -1.56e-10      0.00 6.919e-01 2.929e-01 2.251e-03 1.183e-03 6.636e-03 -1.000 1.514e-02 -0.353 3.301 1.747 0.411 -0.367 -0.991 -1.902 -2.615 -2.737
0.0152 0.01508 10.00000 1.0352715254 2.4800107479    1.029  2.092  3.6211  1.794    3  0.000  0.452     0.00     0.00     0.00     0.00     0.00 -1 -1.84e-10      0.00 6.919e-01 2.930e-01 2.251e-03 1.183e-03 6.636e-03 -1.000 1.514e-02 -0.461 3.251 1.684 0.327 -0.458 -1.091 -2.015 -2.732 -2.860
0.0152 0.01508 10.00000 1.0353313684 2.4800221920    1.028  2.137  3.6180  1.737    3  0.000  0.452     0.00     0.00     0.00     0.00     0.00 -1 -2.17e-10      0.00 6.919e-01 2.930e-01 2.251e-03 1.183e-03 6.636e-03 -1.000 1.514e-02 -0.572 3.195 1.619 0.242 -0.549 -1.193 -2.131 -2.853 -2.986
0.0152 0.01508 10.00000 1.0353835821 2.4800322056    1.028  2.179  3.6150  1.683    3  0.000  0.452     0.00     0.00     0.00     0.00     0.00 -1 -2.55e-10      0.00 6.919e-01 2.930e-01 2.251e-03 1.183e-03 6.636e-03 -1.000 1.514e-02 -0.676 3.143 1.559 0.164 -0.633 -1.288 -2.240 -2.966 -3.106
0.0152 0.01508 10.00000 1.0354336500 2.4800419807    1.027  2.222  3.6119  1.627    3  0.000  0.452     0.00     0.00     0.00     0.00     0.00 -1    -3e-10      0.00 6.919e-01 2.930e-01 2.251e-03 1.183e-03 6.636e-03 -1.000 1.514e-02 -0.785 3.089 1.496 0.083 -0.721 -1.386 -2.353 -3.084 -3.230
0.0152 0.01508 10.00000 1.0354794264 2.4800508022    1.027  2.265  3.6087  1.572    3  0.000  0.452     0.00     0.00     0.00     0.00     0.00 -1 -3.54e-10      0.00 6.919e-01 2.930e-01 2.251e-03 1.183e-03 6.636e-03 -1.000 1.514e-02 -0.892 3.034 1.434 0.004 -0.807 -1.482 -2.465 -3.200 -3.354
0.0152 0.01508 10.00000 1.0355205536 2.4800586700    1.026  2.306  3.6056  1.518    3  0.000  0.452     0.00     0.00     0.00     0.00     0.00 -1 -4.14e-10      0.00 6.919e-01 2.930e-01 2.251e-03 1.183e-03 6.636e-03 -1.000 1.514e-02 -0.995 2.980 1.376 -0.068 -0.887 -1.574 -2.573 -3.314 -3.474
0.0152 0.01508 10.00000 1.0355592966 2.4800662994    1.026  2.348  3.6024  1.463    3  0.000  0.452     0.00     0.00     0.00     0.00     0.00 -1 -4.87e-10      0.00 6.919e-01 2.930e-01 2.251e-03 1.183e-03 6.636e-03 -1.000 1.514e-02 -1.100 2.962 1.324 -0.137 -0.968 -1.670 -2.684 -3.433 -3.599
0.0152 0.01508 10.00000 1.0355945826 2.4800729752    1.025  2.389  3.5992  1.408    3  0.000  0.452     0.00     0.00     0.00     0.00     0.00 -1 -5.71e-10      0.00 6.919e-01 2.930e-01 2.251e-03 1.183e-03 6.636e-03 -1.000 1.514e-02 -1.204 2.961 1.279 -0.200 -1.045 -1.764 -2.795 -3.552 -3.723
0.0152 0.01508 10.00000 1.0356268883 2.4800794125    1.025  2.430  3.5960  1.354    3  0.000  0.452     0.00     0.00     0.00     0.00     0.00 -1 -6.68e-10      0.00 6.919e-01 2.930e-01 2.251e-03 1.184e-03 6.636e-03 -1.000 1.514e-02 -1.305 2.957 1.238 -0.256 -1.115 -1.857 -2.904 -3.670 -3.846
0.0152 0.01508 10.00000 1.0356571674 2.4800851345    1.024  2.471  3.5927  1.300    3  0.000  0.452     0.00     0.00     0.00     0.00     0.00 -1 -7.82e-10      0.00 6.919e-01 2.930e-01 2.251e-03 1.184e-03 6.636e-03 -1.000 1.514e-02 -1.408 2.954 1.197 -0.312 -1.186 -1.950 -3.015 -3.789 -3.970
0.0152 0.01508 10.00000 1.0356844664 2.4800903797    1.023  2.511  3.5895  1.247    3  0.000  0.452     0.00     0.00     0.00     0.00     0.00 -1 -9.12e-10      0.00 6.919e-01 2.930e-01 2.251e-03 1.184e-03 6.636e-03 -1.000 1.514e-02 -1.507 2.952 1.159 -0.365 -1.253 -2.040 -3.122 -3.904 -4.090
0.0152 0.01508 10.00000 1.0357092619 2.4800951481    1.022  2.550  3.5862  1.195    3  0.000  0.452     0.00     0.00     0.00     0.00     0.00 -1 -1.06e-09      0.00 6.919e-01 2.930e-01 2.251e-03 1.184e-03 6.636e-03 -1.000 1.514e-02 -1.604 2.949 1.129 -0.406 -1.310 -2.126 -3.227 -4.018 -4.209
0.0152 0.01508 10.00000 1.0357328653 2.4800996780    1.021  2.589  3.5828  1.141    3  0.000  0.452     0.00     0.00     0.00     0.00     0.00 -1 -1.24e-09      0.00 6.919e-01 2.930e-01 2.251e-03 1.184e-03 6.636e-03 -1.000 1.514e-02 -1.703 2.946 1.098 -0.449 -1.370 -2.214 -3.334 -4.134 -4.330
0.0152 0.01508 10.00000 1.0357542038 2.4801039696    1.020  2.627  3.5795  1.089    3  0.000  0.452     0.00     0.00     0.00     0.00     0.00 -1 -1.44e-09      0.00 6.919e-01 2.930e-01 2.251e-03 1.184e-03 6.636e-03 -1.000 1.514e-02 -1.799 2.945 1.070 -0.488 -1.425 -2.299 -3.438 -4.246 -4.447
0.0152 0.01508 10.00000 1.0357739925 2.4801077843    1.019  2.665  3.5761  1.038    3  0.000  0.452     0.00     0.00     0.00     0.00     0.00 -1 -1.67e-09      0.00 6.919e-01 2.930e-01 2.251e-03 1.184e-03 6.636e-03 -1.000 1.514e-02 -1.893 2.939 1.053 -0.511 -1.467 -2.380 -3.541 -4.357 -4.564
0.0152 0.01508 10.00000 1.0357925892 2.4801113605    1.018  2.703  3.5726  0.985    3  0.000  0.452     0.00     0.00     0.00     0.00     0.00 -1 -1.93e-09      0.00 6.919e-01 2.930e-01 2.251e-03 1.184e-03 6.636e-03 -1.000 1.514e-02 -1.988 2.937 1.038 -0.532 -1.508 -2.461 -3.645 -4.469 -4.682
0.0152 0.01508 10.00000 1.0358099937 2.4801146984    1.017  2.741  3.5691  0.933    3  0.000  0.452     0.00     0.00     0.00     0.00     0.00 -1 -2.24e-09      0.00 6.919e-01 2.930e-01 2.251e-03 1.184e-03 6.636e-03 -1.000 1.514e-02 -2.081 2.938 1.029 -0.546 -1.544 -2.540 -3.749 -4.581 -4.799
0.0152 0.01508 10.00000 1.0358296633 2.4801185131    1.015  2.786  3.5648  0.870    3  0.000  0.452     0.00     0.00     0.00     0.00     0.00 -1 -2.68e-09      0.00 6.919e-01 2.930e-01 2.250e-03 1.184e-03 6.636e-03 -1.000 1.514e-02 -2.195 2.937 1.032 -0.542 -1.571 -2.631 -3.876 -4.716 -4.941
0.0152 0.01508 10.00000 1.0358475447 2.4801218510    1.014  2.830  3.5605  0.808    3  0.000  0.452     0.00     0.00     0.00     0.00     0.00 -1  -3.2e-09      0.00 6.919e-01 2.930e-01 2.250e-03 1.184e-03 6.636e-03 -1.000 1.514e-02 -2.305 2.937 1.037 -0.536 -1.597 -2.720 -3.999 -4.848 -5.080
0.0152 0.01508 10.00000 1.0358639956 2.4801251888    1.012  2.873  3.5561  0.746    3  0.000  0.452     0.00     0.00     0.00     0.00     0.00 -1  -3.8e-09      0.00 6.919e-01 2.930e-01 2.250e-03 1.184e-03 6.636e-03 -1.000 1.514e-02 -2.414 2.934 1.061 -0.504 -1.605 -2.799 -4.121 -4.978 -5.217
0.0152 0.01508 10.00000 1.0358792543 2.4801280499    1.009  2.917  3.5517  0.684    3  0.000  0.452     0.00     0.00     0.00     0.00     0.00 -1 -4.53e-09      0.00 6.919e-01 2.930e-01 2.250e-03 1.184e-03 6.636e-03 -1.000 1.514e-02 -2.522 2.933 1.091 -0.465 -1.608 -2.878 -4.242 -5.109 -5.355
0.0152 0.01508 10.00000 1.0358933210 2.4801306725    1.007  2.959  3.5472  0.623    3  0.000  0.452     0.00     0.00     0.00     0.00     0.00 -1 -5.38e-09      0.00 6.919e-01 2.930e-01 2.250e-03 1.184e-03 6.636e-03 -1.000 1.514e-02 -2.628 2.932 1.137 -0.403 -1.597 -2.944 -4.362 -5.236 -5.490
0.0152 0.01508 10.00000 1.0359063148 2.4801332951    1.004  3.000  3.5427  0.562    3  0.000  0.452     0.00     0.00     0.00     0.00     0.00 -1 -6.37e-09      0.00 6.919e-01 2.930e-01 2.250e-03 1.184e-03 6.636e-03 -1.000 1.514e-02 -2.731 2.932 1.196 -0.326 -1.575 -3.002 -4.480 -5.361 -5.623
0.0152 0.01508 10.00000 1.0359184742 2.4801356792    1.001  3.042  3.5381  0.501    3  0.000  0.452     0.00     0.00     0.00     0.00     0.00 -1 -7.55e-09      0.00 6.919e-01 2.930e-01 2.250e-03 1.184e-03 6.636e-03 -1.000 1.514e-02 -2.834 2.932 1.266 -0.234 -1.544 -3.053 -4.598 -5.486 -5.757
0.0152 0.01508 10.00000 1.0359295607 2.4801378250    0.998  3.082  3.5336  0.442    3  0.000  0.452     0.00     0.00     0.00     0.00     0.00 -1 -8.91e-09      0.00 6.919e-01 2.930e-01 2.250e-03 1.184e-03 6.636e-03 -1.000 1.514e-02 -2.935 2.935 1.359 -0.114 -1.497 -3.090 -4.714 -5.608 -5.887
0.0152 0.01508 10.00000 1.0359399319 2.4801397324    0.995  3.122  3.5290  0.382    3  0.000  0.452     0.00     0.00     0.00     0.00     0.00 -1 -1.05e-08      0.00 6.919e-01 2.930e-01 2.250e-03 1.184e-03 6.636e-03 -1.000 1.514e-02 -3.034 2.938 1.461 0.016 -1.444 -3.120 -4.830 -5.729 -6.017
0.0152 0.01508 10.00000 1.0359495878 2.4801416397    0.991  3.160  3.5244  0.323    3  0.000  0.452     0.00     0.00     0.00     0.00     0.00 -1 -1.24e-08      0.00 6.919e-01 2.930e-01 2.250e-03 1.184e-03 6.636e-03 -1.000 1.514e-02 -3.131 2.941 1.591 0.179 -1.372 -3.122 -4.943 -5.847 -6.144
0.0152 0.01508 10.00000 1.0359584093 2.4801433086    0.987  3.198  3.5197  0.265    3  0.000  0.452     0.00     0.00     0.00     0.00     0.00 -1 -1.45e-08      0.00 6.919e-01 2.930e-01 2.250e-03 1.184e-03 6.636e-03 -1.000 1.514e-02 -3.226 2.949 1.731 0.355 -1.292 -3.118 -5.054 -5.962 -6.269
0.0152 0.01508 10.00000 1.0359668732 2.4801449776    0.982  3.236  3.5150  0.207    3  0.000  0.452     0.00     0.00     0.00     0.00     0.00 -1  -1.7e-08      0.00 6.919e-01 2.930e-01 2.250e-03 1.184e-03 6.636e-03 -1.000 1.514e-02 -3.319 2.957 1.905 0.582 -1.179 -3.073 -5.162 -6.075 -6.392
0.0152 0.01508 10.00000 1.0359747410 2.4801464081    0.977  3.272  3.5103  0.149    3  0.000  0.452     0.00     0.00     0.00     0.00     0.00 -1 -1.99e-08      0.00 6.919e-01 2.930e-01 2.250e-03 1.184e-03 6.636e-03 -1.000 1.514e-02 -3.411 2.968 2.086 0.816 -1.061 -3.025 -5.270 -6.188 -6.515
0.0152 0.01508 10.00000 1.0359820127 2.4801478386    0.972  3.308  3.5056  0.092    3  0.000  0.452     0.00     0.00     0.00     0.00     0.00 -1 -2.31e-08      0.00 6.919e-01 2.930e-01 2.250e-03 1.184e-03 6.636e-03 -1.000 1.514e-02 -3.501 2.969 2.228 1.002 -0.969 -2.984 -5.375 -6.297 -6.633
0.0152 0.01508 10.00000 1.0359889269 2.4801492691    0.966  3.343  3.5010  0.036    3  0.000  0.452     0.00     0.00     0.00     0.00     0.00 -1 -2.68e-08      0.00 6.919e-01 2.930e-01 2.250e-03 1.184e-03 6.636e-03 -1.000 1.514e-02 -3.588 2.975 2.384 1.202 -0.866 -2.930 -5.476 -6.403 -6.748
0.0152 0.01508 10.00000 1.0359956026 2.4801504612    0.959  3.378  3.4964 -0.021    3  0.000  0.452     0.00     0.00     0.00     0.00     0.00 -1 -3.11e-08      0.00 6.919e-01 2.930e-01 2.250e-03 1.184e-03 6.636e-03 -1.000 1.514e-02 -3.674 2.980 2.530 1.381 -0.772 -2.874 -5.577 -6.509 -6.863
0.0152 0.01508 10.00000 1.0360008478 2.4801514149    0.953  3.403  3.4929 -0.063    3  0.000  0.452     0.00     0.00     0.00     0.00     0.00 -1 -3.48e-08      0.00 6.919e-01 2.930e-01 2.250e-03 1.184e-03 6.636e-03 -1.000 1.514e-02 -3.738 2.983 2.635 1.506 -0.706 -2.832 -5.651 -6.587 -6.948
0.0152 0.01508 10.00000 1.0360008478 2.4801514149    0.953  1.679  3.6673  2.359    4  0.000  0.472     0.00     0.00     0.00     0.00     0.00 -1    -1e-30      0.00 6.947e-01 2.902e-01 2.340e-03 1.062e-03 6.610e-03 -1.000 1.507e-02 0.572 3.087 2.071 0.994 0.367 -0.133 -0.869 -1.458 -1.542
0.0152 0.01508 10.00000 1.0360876322 2.4801683426    0.953  1.687  3.6668  2.349    4  0.000  0.472     0.00     0.00     0.00     0.00     0.00 -1    -1e-30      0.00 6.947e-01 2.902e-01 2.340e-03 1.063e-03 6.610e-03 -1.000 1.507e-02 0.553 3.083 2.059 0.978 0.350 -0.151 -0.889 -1.480 -1.564
0.0152 0.01508 10.00000 1.0361766815 2.4801855087    0.953  1.690  3.6666  2.345    4  0.000  0.472     0.00     0.00     0.00     0.00     0.00 -1    -1e-30      0.00 6.947e-01 2.902e-01 2.340e-03 1.063e-03 6.610e-03 -1.000 1.507e-02 0.544 3.078 2.052 0.970 0.341 -0.160 -0.899 -1.491 -1.574
0.0152 0.01508 10.00000 1.0362657309 2.4802026749    0.953  1.690  3.6668  2.346    4  0.000  0.472     0.00     0.00     0.00     0.00     0.00 -1    -1e-30      0.00 6.947e-01 2.902e-01 2.340e-03 1.063e-03 6.610e-03 -1.000 1.507e-02 0.544 3.073 2.050 0.969 0.341 -0.160 -0.898 -1.489 -1.572
0.0152 0.01508 10.00000 1.0363553762 2.4802198410    0.953  1.688  3.6672  2.350    4  0.000  0.472     0.00     0.00     0.00     0.00     0.00 -1    -1e-30      0.00 6.947e-01 2.902e-01 2.340e-03 1.063e-03 6.610e-03 -1.000 1.508e-02 0.550 3.068 2.050 0.972 0.345 -0.155 -0.891 -1.481 -1.564
0.0152 0.01508 10.00000 1.0364483595 2.4802377224    0.953  1.685  3.6677  2.355    4  0.000  0.472     0.00     0.00     0.00     0.00     0.00 -1    -1e-30      0.00 6.947e-01 2.902e-01 2.340e-03 1.063e-03 6.610e-03 -1.000 1.508e-02 0.557 3.062 2.051 0.975 0.351 -0.148 -0.883 -1.470 -1.553
0.0152 0.01508 10.00000 1.0365377665 2.4802551270    0.953  1.682  3.6683  2.360    4  0.000  0.472     0.00     0.00     0.00     0.00     0.00 -1    -1e-30      0.00 6.947e-01 2.902e-01 2.340e-03 1.063e-03 6.610e-03 -1.000 1.508e-02 0.564 3.056 2.052 0.979 0.357 -0.141 -0.874 -1.460 -1.543
0.0152 0.01508 10.00000 1.0366318226 2.4802732468    0.954  1.679  3.6688  2.365    4  0.000  0.472     0.00     0.00     0.00     0.00     0.00 -1    -1e-30      0.00 6.947e-01 2.902e-01 2.340e-03 1.063e-03 6.610e-03 -1.000 1.508e-02 0.572 3.050 2.053 0.983 0.362 -0.134 -0.864 -1.449 -1.531
0.0152 0.01508 10.00000 1.0367223024 2.4802906513    0.954  1.676  3.6693  2.370    4  0.000  0.472     0.00     0.00     0.00     0.00     0.00 -1    -1e-30      0.00 6.947e-01 2.902e-01 2.340e-03 1.063e-03 6.610e-03 -1.000 1.508e-02 0.579 3.044 2.054 0.987 0.368 -0.127 -0.856 -1.439 -1.521
0.0152 0.01508 10.00000 1.0368109941 2.4803075790    0.954  1.674  3.6698  2.375    4  0.000  0.472     0.00     0.00     0.00     0.00     0.00 -1    -1e-30      0.00 6.947e-01 2.902e-01 2.340e-03 1.064e-03 6.610e-03 -1.000 1.508e-02 0.585 3.038 2.055 0.990 0.373 -0.122 -0.848 -1.430 -1.511
0.0152 0.01508 10.00000 1.0369075537 2.4803261757    0.954  1.672  3.6702  2.379    4  0.000  0.472     0.00     0.00     0.00     0.00     0.00 -1    -1e-30      0.00 6.947e-01 2.902e-01 2.340e-03 1.064e-03 6.610e-03 -1.000 1.508e-02 0.591 3.033 2.055 0.993 0.377 -0.116 -0.841 -1.421 -1.503
0.0152 0.01508 10.00000 1.0370041132 2.4803447723    0.954  1.670  3.6707  2.383    4  0.000  0.472     0.00     0.00     0.00     0.00     0.00 -1    -1e-30      0.00 6.947e-01 2.903e-01 2.339e-03 1.064e-03 6.610e-03 -1.000 1.508e-02 0.596 3.029 2.056 0.995 0.381 -0.111 -0.835 -1.414 -1.495
0.0152 0.01508 10.00000 1.0371010303 2.4803636074    0.954  1.668  3.6710  2.386    4  0.000  0.472     0.00     0.00     0.00     0.00     0.00 -1    -1e-30      0.00 6.947e-01 2.903e-01 2.339e-03 1.064e-03 6.611e-03 -1.000 1.508e-02 0.601 3.024 2.056 0.998 0.385 -0.107 -0.829 -1.407 -1.488
0.0152 0.01508 10.00000 1.0371954441 2.4803817272    0.954  1.666  3.6713  2.389    4  0.000  0.472     0.00     0.00     0.00     0.00     0.00 -1    -1e-30      0.00 6.947e-01 2.903e-01 2.339e-03 1.064e-03 6.611e-03 -1.000 1.508e-02 0.604 3.020 2.056 0.999 0.387 -0.103 -0.824 -1.401 -1.482
0.0152 0.01508 10.00000 1.0372377634 2.4803898335    0.954  1.666  3.6715  2.390    4  0.000  0.472     0.00     0.00     0.00     0.00     0.00 -1    -1e-30      0.00 6.947e-01 2.903e-01 2.339e-03 1.064e-03 6.611e-03 -1.000 1.508e-02 0.606 3.019 2.056 1.000 0.389 -0.102 -0.822 -1.399 -1.480
0.0152 0.01508 10.00000 1.0372672081 2.4803955555    0.954  1.665  3.6716  2.391    4  0.000  0.472     0.00     0.00     0.00     0.00     0.00 -1    -1e-30      0.00 6.947e-01 2.903e-01 2.339e-03 1.064e-03 6.611e-03 -1.000 1.508e-02 0.607 3.017 2.056 1.000 0.389 -0.101 -0.821 -1.398 -1.478
0.0152 0.01508 10.00000 1.0373581648 2.4804129601    0.954  1.664  3.6718  2.393    4  0.000  0.472     0.00     0.00     0.00     0.00     0.00 -1    -1e-30      0.00 6.947e-01 2.903e-01 2.339e-03 1.064e-03 6.611e-03 -1.000 1.508e-02 0.609 3.014 2.056 1.001 0.391 -0.099 -0.818 -1.394 -1.474
0.0152 0.01508 10.00000 1.0374464989 2.4804301262    0.955  1.664  3.6720  2.394    4  0.000  0.472     0.00     0.00     0.00     0.00     0.00 -1    -1e-30      0.00 6.947e-01 2.903e-01 2.339e-03 1.064e-03 6.611e-03 -1.000 1.508e-02 0.611 3.011 2.055 1.002 0.392 -0.097 -0.816 -1.391 -1.471
0.0152 0.01508 10.00000 1.0375312567 2.4804463387    0.955  1.663  3.6722  2.395    4  0.000  0.472     0.00     0.00     0.00     0.00     0.00 -1    -1e-30      0.00 6.947e-01 2.903e-01 2.339e-03 1.065e-03 6.611e-03 -1.000 1.508e-02 0.612 3.008 2.054 1.002 0.393 -0.096 -0.814 -1.388 -1.469
0.0152 0.01508 10.00000 1.0376223326 2.4804637432    0.955  1.663  3.6723  2.396    4  0.000  0.472     0.00     0.00     0.00     0.00     0.00 -1    -1e-30      0.00 6.946e-01 2.903e-01 2.339e-03 1.065e-03 6.611e-03 -1.000 1.508e-02 0.612 3.006 2.053 1.002 0.393 -0.096 -0.813 -1.387 -1.468
0.0152 0.01508 10.00000 1.0377086401 2.4804804325    0.955  1.663  3.6724  2.396    4  0.000  0.472     0.00     0.00     0.00     0.00     0.00 -1    -1e-30      0.00 6.946e-01 2.903e-01 2.339e-03 1.065e-03 6.611e-03 -1.000 1.508e-02 0.612 3.003 2.052 1.001 0.392 -0.097 -0.814 -1.388 -1.468
0.0152 0.01508 10.00000 1.0377969742 2.4804973602    0.955  1.664  3.6724  2.396    4  0.000  0.472     0.00     0.00     0.00     0.00     0.00 -1    -1e-30      0.00 6.946e-01 2.903e-01 2.339e-03 1.065e-03 6.611e-03 -1.000 1.508e-02 0.610 3.001 2.050 0.999 0.390 -0.098 -0.815 -1.389 -1.469
0.0152 0.01508 10.00000 1.0378836393 2.4805140495    0.955  1.665  3.6724  2.394    4  0.000  0.472     0.00     0.00     0.00     0.00     0.00 -1    -1e-30      0.00 6.946e-01 2.903e-01 2.339e-03 1.065e-03 6.611e-03 -1.000 1.508e-02 0.607 3.000 2.048 0.996 0.388 -0.101 -0.818 -1.392 -1.472
0.0152 0.01508 10.00000 1.0378897190 2.4805152416    0.955  1.665  3.6724  2.394    4  0.000  0.472     0.00     0.00     0.00     0.00     0.00 -1    -1e-30      0.00 6.946e-01 2.903e-01 2.339e-03 1.065e-03 6.611e-03 -1.000 1.508e-02 0.607 2.999 2.048 0.996 0.387 -0.101 -0.818 -1.392 -1.472
0.0152 0.01508 10.00000 1.0379265547 2.4805223942    0.955  1.666  3.6723  2.394    4  0.000  0.472     0.00     0.00     0.00     0.00     0.00 -1    -1e-30      0.00 6.946e-01 2.903e-01 2.339e-03 1.065e-03 6.611e-03 -1.000 1.508e-02 0.606 2.999 2.047 0.995 0.386 -0.103 -0.820 -1.394 -1.474
0.0152 0.01508 10.00000 1.0380171537 2.4805397987    0.955  1.668  3.6722  2.391    4  0.000  0.472     0.00     0.00     0.00     0.00     0.00 -1    -1e-30      0.00 6.946e-01 2.903e-01 2.338e-03 1.065e-03 6.611e-03 -1.000 1.508e-02 0.601 2.997 2.043 0.991 0.382 -0.107 -0.825 -1.399 -1.479
0.0152 0.01508 10.00000 1.0381066799 2.4805569649    0.955  1.670  3.6720  2.388    4  0.000  0.472     0.00     0.00     0.00     0.00     0.00 -1    -1e-30      0.00 6.946e-01 2.903e-01 2.338e-03 1.065e-03 6.611e-03 -1.000 1.508e-02 0.595 2.996 2.039 0.986 0.376 -0.114 -0.832 -1.407 -1.487
0.0152 0.01508 10.00000 1.0381959677 2.4805741310    0.955  1.673  3.6718  2.384    4  0.000  0.472     0.00     0.00     0.00     0.00     0.00 -1    -1e-30      0.00 6.946e-01 2.903e-01 2.338e-03 1.066e-03 6.611e-03 -1.000 1.508e-02 0.587 2.995 2.035 0.979 0.369 -0.121 -0.841 -1.416 -1.497
0.0152 0.01508 10.00000 1.0382874012 2.4805915356    0.956  1.677  3.6714  2.379    4  0.000  0.472     0.00     0.00     0.00     0.00     0.00 -1    -1e-30      0.00 6.946e-01 2.903e-01 2.338e-03 1.066e-03 6.611e-03 -1.000 1.508e-02 0.577 2.994 2.029 0.972 0.360 -0.131 -0.852 -1.428 -1.509
0.0152 0.01508 10.00000 1.0383775234 2.4806089401    0.956  1.682  3.6710  2.372    4  0.000  0.472     0.00     0.00     0.00     0.00     0.00 -1    -1e-30      0.00 6.946e-01 2.903e-01 2.338e-03 1.066e-03 6.611e-03 -1.000 1.508e-02 0.565 2.993 2.022 0.962 0.349 -0.143 -0.865 -1.443 -1.524
0.0152 0.01508 10.00000 1.0384677649 2.4806263447    0.956  1.687  3.6705  2.365    4  0.000  0.472     0.00     0.00     0.00     0.00     0.00 -1    -1e-30      0.00 6.946e-01 2.903e-01 2.338e-03 1.066e-03 6.611e-03 -1.000 1.508e-02 0.551 2.993 2.015 0.952 0.337 -0.156 -0.880 -1.460 -1.541
0.0152 0.01508 10.00000 1.0385576487 2.4806435108    0.956  1.694  3.6699  2.356    4  0.000  0.472     0.00     0.00     0.00     0.00     0.00 -1    -1e-30      0.00 6.946e-01 2.903e-01 2.338e-03 1.066e-03 6.611e-03 -1.000 1.508e-02 0.536 2.992 2.006 0.940 0.323 -0.171 -0.898 -1.479 -1.560
0.0152 0.01508 10.00000 1.0386466980 2.4806606770    0.956  1.701  3.6692  2.346    4  0.000  0.472     0.00     0.00     0.00     0.00     0.00 -1    -1e-30      0.00 6.946e-01 2.903e-01 2.338e-03 1.066e-03 6.611e-03 -1.000 1.508e-02 0.518 2.992 1.997 0.926 0.307 -0.189 -0.918 -1.501 -1.583
0.0152 0.01508 10.00000 1.0387381315 2.4806780815    0.956  1.707  3.6686  2.338    4  0.000  0.472     0.00     0.00     0.00     0.00     0.00 -1    -1e-30      0.00 6.946e-01 2.903e-01 2.338e-03 1.066e-03 6.611e-03 -1.000 1.508e-02 0.503 2.993 1.990 0.916 0.294 -0.203 -0.934 -1.519 -1.601
0.0152 0.01508 10.00000 1.0388308764 2.4806959629    0.956  1.713  3.6680  2.329    4  0.000  0.472     0.00     0.00     0.00     0.00     0.00 -1    -1e-30      0.00 6.946e-01 2.903e-01 2.338e-03 1.066e-03 6.611e-03 -1.000 1.508e-02 0.487 2.993 1.981 0.903 0.279 -0.219 -0.953 -1.539 -1.622
0.0152 0.01508 10.00000 1.0389230251 2.4807136059    0.956  1.740  3.6655  2.292    4  0.000  0.472     0.00     0.00     0.00     0.00     0.00 -1    -1e-30      0.00 6.946e-01 2.903e-01 2.338e-03 1.067e-03 6.611e-03 -1.000 1.508e-02 0.419 2.993 1.945 0.852 0.220 -0.284 -1.028 -1.622 -1.706
0.0152 0.01508 10.00000 1.0389945507 2.4807271957    0.956  1.779  3.6619  2.239    4  0.000  0.472     0.00     0.00     0.00     0.00     0.00 -1    -1e-30      0.00 6.946e-01 2.903e-01 2.337e-03 1.067e-03 6.611e-03 -1.000 1.508e-02 0.323 2.991 1.893 0.779 0.134 -0.378 -1.135 -1.739 -1.826
0.0152 0.01508 10.00000 1.0390301943 2.4807341099    0.956  1.817  3.6583  2.187    4  0.000  0.472     0.00     0.00     0.00     0.00     0.00 -1    -1e-30      0.00 6.946e-01 2.903e-01 2.337e-03 1.067e-03 6.611e-03 -1.000 1.508e-02 0.228 2.995 1.845 0.709 0.051 -0.469 -1.241 -1.856 -1.945
0.0152 0.01508 10.00000 1.0390501022 2.4807379246    0.956  1.858  3.6545  2.131    4  0.000  0.472     0.00     0.00     0.00     0.00     0.00 -1    -1e-30      0.00 6.946e-01 2.903e-01 2.337e-03 1.067e-03 6.611e-03 -1.000 1.508e-02 0.124 2.998 1.792 0.633 -0.039 -0.569 -1.355 -1.981 -2.073
0.0152 0.01508 10.00000 1.0390599966 2.4807398319    0.956  1.897  3.6510  2.077    4  0.000  0.472     0.00     0.00     0.00     0.00     0.00 -1    -1e-30      0.00 6.946e-01 2.903e-01 2.337e-03 1.067e-03 6.611e-03 -1.000 1.508e-02 0.027 3.002 1.743 0.562 -0.123 -0.662 -1.462 -2.099 -2.193
0.0152 0.01508 10.00000 1.0390652418 2.4807407856    0.956  1.936  3.6475  2.025    4  0.000  0.472     0.00     0.00     0.00     0.00     0.00 -1    -1e-30      0.00 6.946e-01 2.903e-01 2.337e-03 1.067e-03 6.611e-03 -1.000 1.508e-02 -0.070 3.008 1.696 0.493 -0.206 -0.754 -1.568 -2.216 -2.313
0.0152 0.01508 10.00000 1.0390683413 2.4807415009    0.956  1.975  3.6440  1.972    4  0.000  0.472     0.00     0.00     0.00     0.00     0.00 -1    -1e-30      0.00 6.946e-01 2.903e-01 2.337e-03 1.067e-03 6.611e-03 -1.000 1.508e-02 -0.167 3.003 1.650 0.423 -0.288 -0.845 -1.674 -2.330 -2.430
0.0152 0.01508 10.00000 1.0390704870 2.4807417393    0.956  2.014  3.6405  1.919    4  0.000  0.472     0.00     0.00     0.00     0.00     0.00 -1    -1e-30      0.00 6.946e-01 2.903e-01 2.337e-03 1.067e-03 6.611e-03 -1.000 1.508e-02 -0.265 2.985 1.602 0.349 -0.372 -0.937 -1.780 -2.442 -2.547
0.0152 0.01508 10.00000 1.0390715599 2.4807419777    0.956  2.041  3.6382  1.883    7  0.000  0.472     0.00     0.00     0.00     0.00     0.00 -1    -1e-30      0.00 6.946e-01 2.903e-01 2.337e-03 1.067e-03 6.611e-03 -1.000 1.508e-02 -0.332 2.971 1.570 0.300 -0.427 -0.999 -1.852 -2.518 -2.627
0.0152 0.01508 10.00000 1.0390719175 2.4807422161    0.956  2.051  3.6373  1.869    7  0.000  0.472     0.00     0.00     0.00     0.00     0.00 -1    -1e-30      0.00 6.946e-01 2.903e-01 2.337e-03 1.067e-03 6.611e-03 -1.000 1.508e-02 -0.357 2.965 1.558 0.282 -0.447 -1.022 -1.878 -2.546 -2.656
0.0152 0.01508 10.00000 1.0390734673 2.4807424545    0.956  2.097  3.6333  1.806    7  0.000  0.472     0.00     0.00     0.00     0.00     0.00 -1    -1e-30      0.00 6.946e-01 2.903e-01 2.337e-03 1.067e-03 6.611e-03 -1.000 1.508e-02 -0.473 2.937 1.501 0.197 -0.544 -1.129 -2.003 -2.678 -2.794
0.0152 0.01508 10.00000 1.0390750170 2.4807426929    0.956  2.136  3.6300  1.754    7  0.000  0.472     0.00     0.00     0.00     0.00     0.00 -1    -1e-30      0.00 6.946e-01 2.903e-01 2.337e-03 1.067e-03 6.611e-03 -1.000 1.508e-02 -0.570 2.911 1.452 0.125 -0.624 -1.218 -2.106 -2.787 -2.909
0.0152 0.01508 10.00000 1.0390789509 2.4807434082    0.957  2.149  3.6289  1.737    7  0.000  0.472     0.00     0.00     0.00     0.00     0.00 -1    -1e-30      0.00 6.946e-01 2.903e-01 2.337e-03 1.067e-03 6.611e-03 -1.000 1.508e-02 -0.602 2.900 1.435 0.101 -0.650 -1.247 -2.140 -2.822 -2.946
0.0152 0.01508 10.00000 1.0390828848 2.4807441235    0.957  2.116  3.6318  1.782    7  0.000  0.472     0.00     0.00     0.00     0.00     0.00 -1    -1e-30      0.00 6.946e-01 2.903e-01 2.337e-03 1.067e-03 6.611e-03 -1.000 1.508e-02 -0.519 2.923 1.476 0.162 -0.582 -1.171 -2.051 -2.729 -2.848
0.0152 0.01508 10.00000 1.0391182899 2.4807510376    0.956  2.089  3.6341  1.817    7  0.000  0.472     0.00     0.00     0.00     0.00     0.00 -1 -2.64e-17      0.00 6.946e-01 2.895e-01 2.337e-03 1.067e-03 6.611e-03 -1.000 1.594e-02 -0.453 2.940 1.510 0.211 -0.528 -1.111 -1.981 -2.655 -2.770
0.0152 0.01508 10.00000 1.0391775370 2.4807622433    0.955  2.126  3.6308  1.767    7  0.000  0.472     0.00     0.00     0.00     0.00     0.00 -1  -7.6e-10      0.00 6.946e-01 2.890e-01 2.337e-03 1.067e-03 6.611e-03 -1.000 1.643e-02 -0.545 2.918 1.465 0.143 -0.603 -1.195 -2.079 -2.759 -2.880
0.0152 0.01508 10.00000 1.0392121077 2.4807689190    0.954  2.167  3.6272  1.712    7  0.000  0.472     0.00     0.00     0.00     0.00     0.00 -1 -9.42e-10      0.00 6.946e-01 2.890e-01 2.337e-03 1.067e-03 6.611e-03 -1.000 1.643e-02 -0.647 2.890 1.415 0.071 -0.684 -1.287 -2.187 -2.873 -3.000
0.0152 0.01508 10.00000 1.0392442942 2.4807751179    0.953  2.207  3.6237  1.657    7  0.000  0.472     0.00     0.00     0.00     0.00     0.00 -1 -1.16e-09      0.00 6.946e-01 2.890e-01 2.337e-03 1.067e-03 6.611e-03 -1.000 1.643e-02 -0.748 2.858 1.364 -0.001 -0.765 -1.378 -2.294 -2.986 -3.120
0.0152 0.01508 10.00000 1.0392729044 2.4807806015    0.952  2.249  3.6201  1.600    7  0.000  0.471     0.00     0.00     0.00     0.00     0.00 -1 -1.43e-09      0.00 6.946e-01 2.890e-01 2.337e-03 1.067e-03 6.611e-03 -1.000 1.643e-02 -0.852 2.823 1.311 -0.076 -0.848 -1.472 -2.404 -3.103 -3.243
0.0152 0.01508 10.00000 1.0392974615 2.4807853699    0.951  2.290  3.6165  1.544    7  0.000  0.471     0.00     0.00     0.00     0.00     0.00 -1 -1.77e-09      0.00 6.946e-01 2.890e-01 2.337e-03 1.067e-03 6.611e-03 -1.000 1.643e-02 -0.955 2.786 1.259 -0.147 -0.927 -1.564 -2.513 -3.218 -3.365
0.0152 0.01508 10.00000 1.0393191576 2.4807894230    0.949  2.331  3.6129  1.488    7  0.000  0.471     0.00     0.00     0.00     0.00     0.00 -1 -2.18e-09      0.00 6.946e-01 2.890e-01 2.337e-03 1.067e-03 6.611e-03 -1.000 1.643e-02 -1.058 2.759 1.208 -0.217 -1.006 -1.656 -2.622 -3.335 -3.489
0.0152 0.01508 10.00000 1.0393383503 2.4807932377    0.948  2.373  3.6092  1.431    7  0.000  0.471     0.00     0.00     0.00     0.00     0.00 -1 -2.69e-09      0.00 6.946e-01 2.890e-01 2.337e-03 1.067e-03 6.611e-03 -1.000 1.643e-02 -1.162 2.772 1.166 -0.280 -1.085 -1.751 -2.734 -3.457 -3.617
0.0152 0.01508 10.00000 1.0393552780 2.4807963371    0.946  2.414  3.6056  1.374    7  0.000  0.471     0.00     0.00     0.00     0.00     0.00 -1 -3.34e-09      0.00 6.946e-01 2.890e-01 2.337e-03 1.067e-03 6.611e-03 -1.000 1.643e-02 -1.266 2.782 1.126 -0.340 -1.161 -1.845 -2.847 -3.580 -3.745
0.0152 0.01508 10.00000 1.0393704176 2.4807991982    0.944  2.456  3.6019  1.317    7  0.000  0.471     0.00     0.00     0.00     0.00     0.00 -1 -4.11e-09      0.00 6.946e-01 2.890e-01 2.337e-03 1.067e-03 6.611e-03 -1.000 1.643e-02 -1.369 2.796 1.088 -0.399 -1.235 -1.938 -2.958 -3.702 -3.872
0.0152 0.01508 10.00000 1.0393841267 2.4808018208    0.942  2.497  3.5982  1.260    7  0.000  0.471     0.00     0.00     0.00     0.00     0.00 -1 -5.02e-09      0.00 6.946e-01 2.890e-01 2.337e-03 1.067e-03 6.611e-03 -1.000 1.643e-02 -1.472 2.808 1.053 -0.452 -1.305 -2.030 -3.069 -3.823 -3.999
0.0152 0.01508 10.00000 1.0393968821 2.4808044434    0.940  2.537  3.5942  1.202    7  0.000  0.471     0.00     0.00     0.00     0.00     0.00 -1 -6.18e-09      0.00 6.946e-01 2.890e-01 2.336e-03 1.068e-03 6.611e-03 -1.000 1.642e-02 -1.574 2.822 1.024 -0.499 -1.369 -2.121 -3.180 -3.945 -4.127
0.0152 0.01508 10.00000 1.0394089222 2.4808065891    0.937  2.578  3.5891  1.140    7  0.000  0.471     0.00     0.00     0.00     0.00     0.00 -1 -7.58e-09      0.00 6.946e-01 2.890e-01 2.334e-03 1.069e-03 6.611e-03 -1.000 1.642e-02 -1.675 2.862 1.017 -0.526 -1.419 -2.207 -3.293 -4.072 -4.261
0.0152 0.01508 10.00000 1.0394204855 2.4808089733    0.934  2.619  3.5816  1.068    7  0.000  0.470     0.00     0.00     0.00     0.00     0.00 -1  -9.2e-09      0.00 6.946e-01 2.890e-01 2.330e-03 1.071e-03 6.612e-03 -1.000 1.639e-02 -1.777 2.944 1.058 -0.504 -1.432 -2.284 -3.412 -4.212 -4.412
0.0152 0.01508 10.00000 1.0394312143 2.4808108807    0.930  2.659  3.5773  1.008    7  0.000  0.469     0.00     0.00     0.00     0.00     0.00 -1 -1.13e-08      0.00 6.946e-01 2.891e-01 2.325e-03 1.078e-03 6.612e-03 -1.000 1.637e-02 -1.879 2.955 1.049 -0.522 -1.473 -2.370 -3.524 -4.336 -4.542
0.0152 0.01508 10.00000 1.0394414663 2.4808130264    0.926  2.700  3.5731  0.948    7  0.000  0.467     0.00     0.00     0.00     0.00     0.00 -1 -1.38e-08      0.00 6.946e-01 2.891e-01 2.317e-03 1.086e-03 6.612e-03 -1.000 1.637e-02 -1.981 2.966 1.045 -0.533 -1.509 -2.456 -3.638 -4.459 -4.672
0.0152 0.01508 10.00000 1.0394508839 2.4808146954    0.921  2.742  3.5687  0.887    7  0.000  0.466     0.00     0.00     0.00     0.00     0.00 -1  -1.7e-08      0.00 6.946e-01 2.891e-01 2.309e-03 1.095e-03 6.612e-03 -1.000 1.637e-02 -2.084 2.979 1.049 -0.535 -1.538 -2.540 -3.754 -4.585 -4.805
0.0152 0.01508 10.00000 1.0394591093 2.4808163643    0.916  2.785  3.5640  0.822    7  0.000  0.464     0.00     0.00     0.00     0.00     0.00 -1 -2.11e-08      0.00 6.946e-01 2.891e-01 2.302e-03 1.104e-03 6.612e-03 -1.000 1.637e-02 -2.193 2.988 1.065 -0.517 -1.555 -2.625 -3.877 -4.717 -4.945
0.0152 0.01508 10.00000 1.0394649506 2.4808173180    0.911  2.828  3.5591  0.758    7  0.000  0.463     0.00     0.00     0.00     0.00     0.00 -1 -2.59e-08      0.00 6.946e-01 2.891e-01 2.296e-03 1.112e-03 6.612e-03 -1.000 1.636e-02 -2.300 2.999 1.089 -0.489 -1.564 -2.707 -3.999 -4.849 -5.084
0.0152 0.01508 10.00000 1.0394688845 2.4808182716    0.907  2.868  3.5545  0.697    7  0.000  0.462     0.00     0.00     0.00     0.00     0.00 -1 -3.13e-08      0.00 6.946e-01 2.891e-01 2.290e-03 1.119e-03 6.612e-03 -1.000 1.636e-02 -2.401 3.007 1.131 -0.436 -1.555 -2.776 -4.113 -4.973 -5.215
0.0152 0.01508 10.00000 1.0394723415 2.4808187485    0.903  2.908  3.5497  0.637    7  0.000  0.461     0.00     0.00     0.00     0.00     0.00 -1 -3.79e-08      0.00 6.946e-01 2.891e-01 2.285e-03 1.124e-03 6.612e-03 -1.000 1.636e-02 -2.501 3.017 1.179 -0.377 -1.541 -2.842 -4.227 -5.096 -5.347
0.0152 0.01508 10.00000 1.0394754410 2.4808194637    0.899  2.948  3.5448  0.575    7  0.000  0.460     0.00     0.00     0.00     0.00     0.00 -1 -4.56e-08      0.00 6.946e-01 2.891e-01 2.281e-03 1.129e-03 6.612e-03 -1.000 1.636e-02 -2.600 3.027 1.254 -0.280 -1.504 -2.893 -4.343 -5.219 -5.478
0.0152 0.01508 10.00000 1.0394783020 2.4808199406    0.894  2.987  3.5400  0.515    7  0.000  0.460     0.00     0.00     0.00     0.00     0.00 -1 -5.47e-08      0.00 6.946e-01 2.891e-01 2.279e-03 1.133e-03 6.612e-03 -1.000 1.636e-02 -2.697 3.037 1.328 -0.185 -1.467 -2.942 -4.455 -5.340 -5.607
0.0152 0.01508 10.00000 1.0394809246 2.4808204174    0.889  3.022  3.5353  0.458    7  0.000  0.459     0.00     0.00     0.00     0.00     0.00 -1 -6.51e-08      0.00 6.946e-01 2.891e-01 2.277e-03 1.135e-03 6.612e-03 -1.000 1.633e-02 -2.786 3.050 1.435 -0.050 -1.405 -2.966 -4.560 -5.451 -5.727
0.0152 0.01508 10.00000 1.0394835472 2.4808208942    0.883  3.058  3.5305  0.400    7  0.000  0.459     0.00     0.00     0.00     0.00     0.00 -1 -7.71e-08      0.00 6.946e-01 2.891e-01 2.277e-03 1.136e-03 6.612e-03 -1.000 1.633e-02 -2.875 3.066 1.552 0.096 -1.337 -2.987 -4.665 -5.563 -5.847
0.0152 0.01508 10.00000 1.0394862890 2.4808216095    0.875  3.094  3.5254  0.339    7  0.000  0.459     0.00     0.00     0.00     0.00     0.00 -1 -9.26e-08      0.00 6.946e-01 2.891e-01 2.276e-03 1.136e-03 6.612e-03 -1.000 1.633e-02 -2.965 3.084 1.707 0.289 -1.243 -2.976 -4.774 -5.677 -5.972
0.0152 0.01508 10.00000 1.0394891500 2.4808220863    0.865  3.129  3.5203  0.279    7  0.000  0.459     0.00     0.00     0.00     0.00     0.00 -1 -1.11e-07      0.00 6.946e-01 2.891e-01 2.276e-03 1.136e-03 6.612e-03 -1.000 1.633e-02 -3.052 3.106 1.872 0.491 -1.142 -2.958 -4.878 -5.786 -6.092
0.0152 0.01508 10.00000 1.0394922495 2.4808225632    0.851  3.162  3.5151  0.218    7  0.000  0.459     0.00     0.00     0.00     0.00     0.00 -1 -1.32e-07      0.00 6.946e-01 2.891e-01 2.276e-03 1.136e-03 6.612e-03 -1.000 1.633e-02 -3.136 3.133 2.081 0.758 -1.000 -2.892 -4.978 -5.892 -6.208
0.0152 0.01508 10.00000 1.0394955873 2.4808232784    0.835  3.207  3.5079  0.137    7  0.000  0.459     0.00     0.00     0.00     0.00     0.00 -1 -1.68e-07      0.00 6.946e-01 2.891e-01 2.276e-03 1.136e-03 6.612e-03 -1.000 1.633e-02 -3.248 3.169 2.361 1.116 -0.807 -2.796 -5.113 -6.034 -6.365
0.0152 0.01508 10.00000 1.0394976139 2.4808237553    0.821  3.300  3.4927 -0.026    7  0.000  0.459     0.00     0.00     0.00     0.00     0.00 -1 -2.57e-07      0.00 6.946e-01 2.891e-01 2.276e-03 1.136e-03 6.612e-03 -1.000 1.633e-02 -3.481 3.221 2.878 1.755 -0.450 -2.575 -5.392 -6.330 -6.690
0.0152 0.01508 10.00000 1.0394980907 2.4808237553    0.814  3.317  3.4896 -0.058    7  0.000  0.459     0.00     0.00     0.00     0.00     0.00 -1 -2.81e-07      0.00 6.946e-01 2.891e-01 2.276e-03 1.136e-03 6.612e-03 -1.000 1.633e-02 -3.522 3.237 2.980 1.873 -0.381 -2.525 -5.442 -6.383 -6.749
0.0152 0.01508 10.00000 1.0394982100 2.4808237553    0.812  3.308  3.4907 -0.045    7  0.000  0.459     0.00     0.00     0.00     0.00     0.00 -1 -2.72e-07      0.00 6.946e-01 2.891e-01 2.276e-03 1.136e-03 6.612e-03 -1.000 1.633e-02 -3.500 3.238 2.952 1.842 -0.396 -2.534 -5.417 -6.357 -6.721
0.0152 0.01508 10.00000 1.0394983292 2.4808237553    0.812  3.297  3.4922 -0.029    7  0.000  0.459     0.00     0.00     0.00     0.00     0.00 -1 -2.61e-07      0.00 6.946e-01 2.891e-01 2.276e-03 1.136e-03 6.612e-03 -1.000 1.633e-02 -3.473 3.237 2.908 1.790 -0.424 -2.552 -5.386 -6.324 -6.685
0.0152 0.01508 10.00000 1.0394984484 2.4808237553    0.810  3.319  3.4888 -0.066    7  0.000  0.459     0.00     0.00     0.00     0.00     0.00 -1 -2.87e-07      0.00 6.946e-01 2.891e-01 2.276e-03 1.136e-03 6.612e-03 -1.000 1.633e-02 -3.528 3.245 3.001 1.890 -0.368 -2.514 -5.451 -6.392 -6.759
0.0152 0.01508 10.00000 1.0394986868 2.4808239937    0.808  3.339  3.4857 -0.099    7  0.000  0.459     0.00     0.00     0.00     0.00     0.00 -1 -3.14e-07      0.00 6.946e-01 2.891e-01 2.276e-03 1.136e-03 6.612e-03 -1.000 1.633e-02 -3.578 3.248 3.058 1.931 -0.344 -2.497 -5.510 -6.454 -6.827
0.0152 0.01508 10.00000 1.0394989252 2.4808239937    0.805  3.362  3.4821 -0.138    7  0.000  0.459     0.00     0.00     0.00     0.00     0.00 -1 -3.47e-07      0.00 6.946e-01 2.891e-01 2.276e-03 1.136e-03 6.612e-03 -1.000 1.633e-02 -3.635 3.253 3.125 1.980 -0.315 -2.475 -5.577 -6.524 -6.903
0.0152 0.01508 10.00000 1.0394990444 2.4808239937    0.801  3.381  3.4791 -0.171    7  0.000  0.459     0.00     0.00     0.00     0.00     0.00 -1 -3.79e-07      0.01 6.946e-01 2.891e-01 2.276e-03 1.136e-03 6.612e-03 -1.000 1.633e-02 -3.682 3.259 3.180 2.018 -0.292 -2.459 -5.632 -6.582 -6.965
0.0152 0.01508 10.00000 1.0394994020 2.4808239937    0.796  3.400  3.4757 -0.206    7  0.524  0.459     0.00     0.00     0.00     0.00     0.00 -1 -4.17e-07      0.01 6.946e-01 2.891e-01 2.276e-03 1.136e-03 6.612e-03 -1.000 1.633e-02 -3.731 3.267 3.232 2.050 -0.274 -2.449 -5.691 -6.642 -7.031
0.0152 0.01508 10.00000 1.0394997597 2.4808239937    0.790  3.420  3.4722 -0.244    7  0.522  0.459     0.00     0.00     0.00     0.00     0.00 -1 -4.58e-07      0.01 6.946e-01 2.891e-01 2.276e-03 1.136e-03 6.612e-03 -1.000 1.633e-02 -3.781 3.277 3.289 2.087 -0.251 -2.436 -5.750 -6.703 -7.098
0.0152 0.01508 10.00000 1.0395001173 2.4808242321    0.783  3.434  3.4697 -0.271    8  0.522  0.480   315.44   130.57    80.37    65.13    53.09  0 -4.97e-07      0.01 6.946e-01 2.904e-01 2.388e-03 1.138e-03 6.627e-03 -1.000 1.503e-02 -3.814 3.287 3.333 2.115 -0.232 -2.424 -5.790 -6.745 -7.143
0.0152 0.01508 10.00000 1.0395001173 2.4808242321    0.782  3.160  3.5081  0.155    8  0.522  0.480   115.60    60.36    38.46    30.82    25.07  1 -1.68e-07      0.00 6.946e-01 2.904e-01 2.388e-03 1.138e-03 6.627e-03 -1.000 1.503e-02 -3.131 3.267 2.460 1.218 -0.699 -2.685 -4.995 -5.917 -6.247
0.0152 0.01508 10.00000 1.0395002365 2.4808242321    0.781  3.030  3.5276  0.363    8  0.522  0.480    72.46    41.45    26.87    21.41    17.40  1 -9.89e-08      0.00 6.946e-01 2.904e-01 2.388e-03 1.138e-03 6.627e-03 -1.000 1.503e-02 -2.805 3.200 1.760 0.325 -1.164 -2.861 -4.606 -5.506 -5.797
0.0152 0.01508 10.00000 1.0395003557 2.4808242321    0.779  2.870  3.5514  0.616    8  0.522  0.480    41.71    26.20    17.33    13.72    11.14  2 -5.09e-08      0.00 6.946e-01 2.904e-01 2.388e-03 1.138e-03 6.627e-03 -1.000 1.503e-02 -2.406 3.107 1.234 -0.337 -1.487 -2.760 -4.128 -4.992 -5.241
0.0152 0.01508 10.00000 1.0395005941 2.4808242321    0.775  2.898  3.5469  0.569    8  0.522  0.480    46.15    28.51    18.79    14.89    12.09  1 -5.81e-08      0.00 6.946e-01 2.904e-01 2.388e-03 1.138e-03 6.627e-03 -1.000 1.503e-02 -2.475 3.132 1.314 -0.237 -1.437 -2.789 -4.211 -5.084 -5.340
0.0152 0.01508 10.00000 1.0395008326 2.4808242321    0.771  3.027  3.5271  0.358    8  0.522  0.480    73.16    41.70    27.01    21.54    17.50  1 -1.02e-07      0.00 6.946e-01 2.904e-01 2.388e-03 1.138e-03 6.627e-03 -1.000 1.503e-02 -2.799 3.216 1.791 0.359 -1.139 -2.845 -4.601 -5.502 -5.794
0.0152 0.01508 10.00000 1.0395010710 2.4808242321    0.765  3.187  3.5027  0.098    8  0.523  0.480   131.48    66.58    42.22    33.91    27.59  1 -1.99e-07      0.00 6.946e-01 2.904e-01 2.388e-03 1.138e-03 6.627e-03 -1.000 1.503e-02 -3.197 3.301 2.658 1.467 -0.556 -2.599 -5.079 -6.005 -6.345
0.0152 0.01508 10.00000 1.0395014286 2.4808244705    0.759  3.316  3.4828 -0.115    8  0.523  0.480   215.80    97.57    60.81    49.12    40.00  1  -3.4e-07      0.00 6.946e-01 2.904e-01 2.388e-03 1.138e-03 6.627e-03 -1.000 1.503e-02 -3.520 3.342 3.203 2.065 -0.221 -2.379 -5.459 -6.406 -6.783
0.0152 0.01508 10.00000 1.0395019054 2.4808244705    0.751  3.397  3.4700 -0.251    8  0.523  0.480   299.06   124.64    76.81    62.29    50.75  0 -4.81e-07      0.01 6.946e-01 2.904e-01 2.388e-03 1.138e-03 6.627e-03 -1.000 1.503e-02 -3.723 3.358 3.400 2.189 -0.153 -2.343 -5.697 -6.653 -7.050
0.0152 0.01508 10.00000 1.0395023823 2.4808244705    0.743  3.438  3.4632 -0.324    8  0.524  0.480   356.34   141.75    86.82    70.58    57.52  0 -5.81e-07      0.01 6.946e-01 2.904e-01 2.388e-03 1.138e-03 6.627e-03 -1.000 1.503e-02 -3.825 3.362 3.480 2.236 -0.132 -2.342 -5.816 -6.774 -7.180
0.0152 0.01508 10.00000 1.0395028591 2.4808247089    0.734  3.455  3.4598 -0.360    8  0.524  0.480   388.15   150.68    92.02    74.90    61.04  0 -6.43e-07      0.01 6.946e-01 2.904e-01 2.388e-03 1.138e-03 6.627e-03 -1.000 1.503e-02 -3.867 3.386 3.536 2.272 -0.110 -2.332 -5.865 -6.826 -7.238
0.0152 0.01508 10.00000 1.0395034552 2.4808247089    0.724  3.463  3.4642 -0.356    8  0.524  0.480   384.23   149.21    91.13    74.20    60.47  0 -7.09e-07      0.02 6.946e-01 2.904e-01 2.388e-03 1.138e-03 6.627e-03 -1.000 1.503e-02 -3.887 3.360 3.452 2.192 -0.187 -2.401 -5.873 -6.832 -7.242
0.0152 0.01508 10.00000 1.0395034552 2.4808247089    0.724  3.249  3.4899 -0.040    8  0.524  0.480   179.87    84.20    52.77    42.60    34.67  1    -3e-07      0.00 6.946e-01 2.904e-01 2.388e-03 1.138e-03 6.627e-03 -1.000 1.503e-02 -3.352 3.392 3.130 2.027 -0.221 -2.363 -5.271 -6.212 -6.577
0.0152 0.01508 10.00000 1.0395034552 2.4808247089    0.723  3.067  3.5170  0.250    8  0.524  0.480    92.29    49.83    31.97    25.62    20.82  1 -1.45e-07      0.00 6.946e-01 2.904e-01 2.388e-03 1.138e-03 6.627e-03 -1.000 1.503e-02 -2.897 3.323 2.205 0.862 -0.847 -2.711 -4.733 -5.646 -5.958
0.0152 0.01508 10.00000 1.0395035744 2.4808247089    0.722  2.907  3.5410  0.506    8  0.524  0.480    52.35    31.38    20.56    16.36    13.28  1 -7.47e-08      0.00 6.946e-01 2.904e-01 2.388e-03 1.138e-03 6.627e-03 -1.000 1.503e-02 -2.496 3.234 1.501 -0.022 -1.293 -2.751 -4.251 -5.134 -5.400
0.0152 0.01508 10.00000 1.0395036936 2.4808249474    0.720  2.933  3.5368  0.461    8  0.524  0.480    57.67    33.98    22.18    17.67    14.35  1 -8.42e-08      0.00 6.946e-01 2.904e-01 2.388e-03 1.138e-03 6.627e-03 -1.000 1.503e-02 -2.563 3.255 1.604 0.107 -1.227 -2.763 -4.332 -5.221 -5.494
0.0152 0.01508 10.00000 1.0395036936 2.4808249474    0.718  3.060  3.5173  0.255    8  0.525  0.480    91.15    49.28    31.63    25.34    20.60  1 -1.43e-07      0.00 6.946e-01 2.904e-01 2.388e-03 1.138e-03 6.627e-03 -1.000 1.503e-02 -2.879 3.335 2.209 0.864 -0.839 -2.699 -4.714 -5.626 -5.938
0.0152 0.01508 10.00000 1.0395039320 2.4808249474    0.715  3.215  3.4930  0.001    8  0.525  0.480   163.39    78.01    49.04    39.57    32.19  1 -2.71e-07      0.00 6.946e-01 2.904e-01 2.388e-03 1.138e-03 6.627e-03 -1.000 1.503e-02 -3.269 3.410 3.059 1.940 -0.255 -2.375 -5.178 -6.116 -6.475
0.0152 0.01508 10.00000 1.0395040512 2.4808249474    0.712  3.342  3.4729 -0.208    8  0.525  0.480   267.46   113.57    70.20    56.96    46.38  0  -4.5e-07      0.01 6.946e-01 2.904e-01 2.388e-03 1.138e-03 6.627e-03 -1.000 1.503e-02 -3.584 3.437 3.440 2.249 -0.080 -2.260 -5.550 -6.504 -6.896
0.0152 0.01508 10.00000 1.0395041704 2.4808249474    0.708  3.420  3.4599 -0.341    8  0.525  0.480   369.01   144.27    88.20    71.84    58.53  0 -6.18e-07      0.01 6.946e-01 2.904e-01 2.388e-03 1.138e-03 6.627e-03 -1.000 1.503e-02 -3.781 3.446 3.598 2.342 -0.035 -2.255 -5.779 -6.740 -7.150
0.0152 0.01508 10.00000 1.0395044088 2.4808249474    0.704  3.459  3.4531 -0.409    8  0.525  0.480   436.46   163.07    99.14    80.91    65.94  0 -7.26e-07      0.02 6.946e-01 2.904e-01 2.388e-03 1.138e-03 6.627e-03 -1.000 1.503e-02 -3.877 3.471 3.684 2.415 -0.007 -2.260 -5.891 -6.853 -7.273
0.0152 0.01508 10.00000 1.0395046473 2.4808249474    0.699  3.474  3.4499 -0.440    8  0.525  0.480   470.27   172.01   104.31    85.22    69.45  0 -7.82e-07      0.02 6.946e-01 2.904e-01 2.388e-03 1.138e-03 6.627e-03 -1.000 1.503e-02 -3.915 3.483 3.726 2.453 0.012 -2.257 -5.935 -6.897 -7.322
0.0152 0.01508 10.00000 1.0395048857 2.4808249474    0.694  3.480  3.4719 -0.361    8  0.525  0.480   387.08   148.92    90.88    74.11    60.37  0 -9.03e-07      0.03 6.946e-01 2.904e-01 2.388e-03 1.138e-03 6.627e-03 -1.000 1.503e-02 -3.930 3.339 3.318 2.060 -0.322 -2.525 -5.891 -6.848 -7.256
0.0152 0.01508 10.00000 1.0395048857 2.4808249474    0.693  3.269  3.4821 -0.110    8  0.525  0.480   211.21    94.52    58.87    47.69    38.81  1 -3.65e-07      0.01 6.946e-01 2.904e-01 2.388e-03 1.138e-03 6.627e-03 -1.000 1.503e-02 -3.403 3.462 3.335 2.195 -0.092 -2.250 -5.344 -6.292 -6.670
0.0152 0.01508 10.00000 1.0395048857 2.4808249474    0.693  3.088  3.5114  0.188    8  0.525  0.480   105.80    55.17    35.21    28.30    22.99  1 -1.79e-07      0.00 6.946e-01 2.904e-01 2.388e-03 1.138e-03 6.627e-03 -1.000 1.503e-02 -2.950 3.391 2.478 1.201 -0.647 -2.594 -4.804 -5.722 -6.047
0.0152 0.01508 10.00000 1.0395050049 2.4808251858    0.691  2.928  3.5374  0.451    8  0.526  0.480    58.64    34.24    22.32    17.82    14.46  1 -9.37e-08      0.00 6.946e-01 2.904e-01 2.388e-03 1.138e-03 6.627e-03 -1.000 1.503e-02 -2.549 3.269 1.598 0.092 -1.234 -2.758 -4.317 -5.204 -5.477
0.0152 0.01508 10.00000 1.0395051241 2.4808251858    0.689  2.954  3.5333  0.407    8  0.526  0.480    64.63    37.06    24.07    19.24    15.62  1 -1.06e-07      0.00 6.946e-01 2.904e-01 2.388e-03 1.138e-03 6.627e-03 -1.000 1.503e-02 -2.616 3.288 1.702 0.221 -1.169 -2.768 -4.397 -5.290 -5.570
0.0152 0.01508 10.00000 1.0395052433 2.4808251858    0.686  3.080  3.5131  0.199    8  0.526  0.480   103.14    53.98    34.47    27.70    22.51  1 -1.79e-07      0.00 6.946e-01 2.904e-01 2.388e-03 1.138e-03 6.627e-03 -1.000 1.503e-02 -2.930 3.383 2.405 1.105 -0.702 -2.625 -4.778 -5.695 -6.016
0.0152 0.01508 10.00000 1.0395053625 2.4808251858    0.682  3.235  3.4879 -0.059    8  0.526  0.480   187.15    85.92    53.72    43.48    35.37  1 -3.36e-07      0.00 6.946e-01 2.904e-01 2.388e-03 1.138e-03 6.627e-03 -1.000 1.503e-02 -3.317 3.461 3.232 2.120 -0.139 -2.286 -5.241 -6.185 -6.553
0.0152 0.01508 10.00000 1.0395054817 2.4808251858    0.678  3.360  3.4673 -0.270    8  0.526  0.480   308.90   125.45    77.11    62.78    51.11  0 -5.56e-07      0.01 6.946e-01 2.904e-01 2.388e-03 1.138e-03 6.627e-03 -1.000 1.503e-02 -3.631 3.490 3.559 2.337 -0.015 -2.212 -5.610 -6.567 -6.968
0.0152 0.01508 10.00000 1.0395057201 2.4808251858    0.674  3.439  3.4545 -0.402    8  0.526  0.480   426.94   159.22    96.81    79.11    64.44  0 -7.65e-07      0.02 6.946e-01 2.904e-01 2.388e-03 1.138e-03 6.627e-03 -1.000 1.503e-02 -3.827 3.520 3.715 2.442 0.026 -2.223 -5.835 -6.798 -7.218
0.0152 0.01508 10.00000 1.0395059586 2.4808251858    0.668  3.477  3.4483 -0.469    8  0.526  0.480   502.70   179.15   108.33    88.70    72.27  0 -9.07e-07      0.03 6.946e-01 2.904e-01 2.388e-03 1.138e-03 6.627e-03 -1.000 1.503e-02 -3.923 3.546 3.788 2.507 0.045 -2.236 -5.942 -6.906 -7.336
0.0152 0.01508 10.00000 1.0395061970 2.4808254242    0.663  3.492  3.4464 -0.495    8  0.527  0.480   536.74   187.59   113.17    92.76    75.58  0 -9.88e-07      0.03 6.946e-01 2.904e-01 2.388e-03 1.138e-03 6.627e-03 -1.000 1.503e-02 -3.960 3.566 3.816 2.532 0.049 -2.245 -5.981 -6.946 -7.381
0.0152 0.01508 10.00000 1.0395064354 2.4808254242    0.656  3.498  3.4815 -0.365    8  0.527  0.480   388.77   147.90    90.17    73.67    59.99  0 -1.21e-06      0.04 6.946e-01 2.904e-01 2.388e-03 1.138e-03 6.627e-03 -1.000 1.503e-02 -3.976 3.330 3.132 1.885 -0.505 -2.702 -5.901 -6.853 -7.260
0.0152 0.01508 10.00000 1.0395064354 2.4808254242    0.656  3.292  3.4822 -0.156    8  0.527  0.480   234.71   101.38    62.86    51.08    41.56  0 -4.83e-07      0.01 6.946e-01 2.904e-01 2.388e-03 1.138e-03 6.627e-03 -1.000 1.503e-02 -3.460 3.469 3.330 2.175 -0.129 -2.292 -5.399 -6.347 -6.729
0.0152 0.01508 10.00000 1.0395064354 2.4808254242    0.655  3.112  3.5140  0.150    8  0.527  0.480   114.64    58.21    37.01    29.83    24.23  1  -2.4e-07      0.00 6.946e-01 2.904e-01 2.388e-03 1.138e-03 6.627e-03 -1.000 1.503e-02 -3.009 3.343 2.308 0.981 -0.814 -2.728 -4.855 -5.768 -6.090
0.0152 0.01508 10.00000 1.0395065546 2.4808254242    0.653  2.951  3.5426  0.424    8  0.527  0.480    61.93    35.47    23.06    18.45    14.97  1 -1.26e-07      0.00 6.946e-01 2.904e-01 2.388e-03 1.138e-03 6.627e-03 -1.000 1.503e-02 -2.609 3.172 1.367 -0.190 -1.450 -2.881 -4.360 -5.236 -5.503
0.0152 0.01508 10.00000 1.0395066738 2.4808254242    0.650  2.978  3.5389  0.380    8  0.527  0.480    68.17    38.33    24.83    19.90    16.15  1 -1.43e-07      0.00 6.946e-01 2.904e-01 2.388e-03 1.138e-03 6.627e-03 -1.000 1.503e-02 -2.675 3.189 1.447 -0.091 -1.405 -2.906 -4.439 -5.321 -5.594
0.0152 0.01508 10.00000 1.0395067930 2.4808254242    0.646  3.103  3.5178  0.169    8  0.527  0.480   109.75    56.10    35.72    28.79    23.38  1 -2.43e-07      0.00 6.946e-01 2.904e-01 2.388e-03 1.138e-03 6.627e-03 -1.000 1.503e-02 -2.987 3.307 2.123 0.744 -0.961 -2.821 -4.821 -5.729 -6.044
0.0152 0.01508 10.00000 1.0395069122 2.4808254242    0.642  3.257  3.4915 -0.093    8  0.527  0.480   201.55    89.91    56.03    45.48    36.98  0 -4.55e-07      0.01 6.946e-01 2.904e-01 2.388e-03 1.138e-03 6.627e-03 -1.000 1.503e-02 -3.372 3.434 3.111 1.977 -0.270 -2.409 -5.284 -6.223 -6.591
0.0152 0.01508 10.00000 1.0395071507 2.4808254242    0.637  3.381  3.4704 -0.306    8  0.527  0.480   335.31   131.79    80.71    65.91    53.64  0 -7.54e-07      0.02 6.946e-01 2.904e-01 2.388e-03 1.138e-03 6.627e-03 -1.000 1.503e-02 -3.683 3.506 3.521 2.283 -0.081 -2.279 -5.650 -6.608 -7.012
0.0152 0.01508 10.00000 1.0395072699 2.4808254242    0.631  3.459  3.4578 -0.438    8  0.528  0.480   463.36   167.01   101.18    82.94    67.54  0 -1.05e-06      0.04 6.946e-01 2.904e-01 2.388e-03 1.138e-03 6.627e-03 -1.000 1.503e-02 -3.878 3.582 3.710 2.398 -0.029 -2.273 -5.869 -6.836 -7.264
0.0152 0.01508 10.00000 1.0395075083 2.4808256626    0.625  3.498  3.4529 -0.501    8  0.528  0.480   540.61   186.50   112.40    92.32    75.19  0 -1.26e-06      0.04 6.946e-01 2.904e-01 2.388e-03 1.138e-03 6.627e-03 -1.000 1.503e-02 -3.975 3.615 3.775 2.445 -0.021 -2.293 -5.971 -6.942 -7.380
0.0152 0.01508 10.00000 1.0395078659 2.4808256626    0.617  3.513  3.4531 -0.520    8  0.528  0.480   567.35   192.71   115.94    95.31    77.63  0  -1.4e-06      0.05 6.946e-01 2.904e-01 2.388e-03 1.138e-03 6.627e-03 -1.000 1.503e-02 -4.013 3.625 3.769 2.425 -0.049 -2.324 -6.006 -6.979 -7.420
0.0152 0.01508 10.00000 1.0395081043 2.4808256626    0.610  3.520  3.5014 -0.339    8  0.528  0.480   362.73   138.51    84.55    69.21    56.32  0  -1.8e-06      0.08 6.946e-01 2.904e-01 2.388e-03 1.138e-03 6.627e-03 -1.000 1.503e-02 -4.030 3.283 2.485 1.141 -1.098 -3.231 -5.875 -6.810 -7.206
0.0152 0.01508 10.00000 1.0395081043 2.4808256626    0.609  3.318  3.4958 -0.160    8  0.528  0.480   235.59   100.20    62.06    50.56    41.11  0 -7.19e-07      0.02 6.946e-01 2.904e-01 2.388e-03 1.138e-03 6.627e-03 -1.000 1.503e-02 -3.526 3.361 2.879 1.683 -0.534 -2.661 -5.421 -6.354 -6.723
0.0152 0.01508 10.00000 1.0395081043 2.4808256626    0.608  3.139  3.5323  0.164    8  0.528  0.480   110.39    55.70    35.42    28.61    23.23  1 -3.59e-07      0.01 6.946e-01 2.904e-01 2.388e-03 1.138e-03 6.627e-03 -1.000 1.503e-02 -3.077 3.067 1.389 -0.150 -1.584 -3.214 -4.864 -5.749 -6.042
0.0152 0.01508 10.00000 1.0395082235 2.4808256626    0.605  2.979  3.5660  0.457    8  0.528  0.480    57.06    32.75    21.33    17.09    13.86  1 -1.88e-07      0.00 6.946e-01 2.904e-01 2.388e-03 1.138e-03 6.627e-03 -1.000 1.503e-02 -2.677 2.775 0.634 -1.044 -2.088 -3.120 -4.363 -5.181 -5.419
0.0152 0.01508 10.00000 1.0395083427 2.4808256626    0.602  3.005  3.5636  0.419    8  0.528  0.480    62.12    35.07    22.76    18.27    14.81  1 -2.15e-07      0.00 6.946e-01 2.904e-01 2.388e-03 1.138e-03 6.627e-03 -1.000 1.503e-02 -2.743 2.778 0.638 -1.044 -2.107 -3.175 -4.436 -5.260 -5.502
0.0152 0.01508 10.00000 1.0395084620 2.4808256626    0.598  3.129  3.5422  0.206    8  0.529  0.480   100.14    51.40    32.80    26.47    21.49  1  -3.7e-07      0.01 6.946e-01 2.904e-01 2.388e-03 1.138e-03 6.627e-03 -1.000 1.503e-02 -3.053 2.939 1.030 -0.586 -1.875 -3.319 -4.809 -5.677 -5.954
0.0152 0.01508 10.00000 1.0395085812 2.4808256626    0.593  3.282  3.5153 -0.058    8  0.529  0.480   184.36    82.64    51.60    41.96    34.09  0 -7.04e-07      0.02 6.946e-01 2.904e-01 2.388e-03 1.138e-03 6.627e-03 -1.000 1.503e-02 -3.435 3.161 1.968 0.553 -1.257 -3.173 -5.271 -6.178 -6.514
0.0152 0.01508 10.00000 1.0395088196 2.4808259010    0.587  3.406  3.4947 -0.268    8  0.529  0.480   304.46   120.64    74.04    60.56    49.25  0 -1.19e-06      0.04 6.946e-01 2.904e-01 2.388e-03 1.138e-03 6.627e-03 -1.000 1.503e-02 -3.744 3.383 2.881 1.648 -0.640 -2.796 -5.629 -6.567 -6.953
0.0152 0.01508 10.00000 1.0395090580 2.4808259010    0.580  3.484  3.4845 -0.392    8  0.529  0.480   410.91   150.36    91.35    75.00    61.01  0 -1.68e-06      0.08 6.946e-01 2.904e-01 2.388e-03 1.138e-03 6.627e-03 -1.000 1.503e-02 -3.939 3.546 3.232 1.953 -0.470 -2.677 -5.834 -6.791 -7.210
0.0152 0.01508 10.00000 1.0395092964 2.4808259010    0.573  3.522  3.4840 -0.438    8  0.529  0.480   460.03   162.93    98.60    81.08    65.97  0 -2.08e-06      0.10 6.946e-01 2.904e-01 2.388e-03 1.138e-03 6.627e-03 -1.000 1.503e-02 -4.035 3.595 3.248 1.937 -0.513 -2.730 -5.916 -6.882 -7.311
0.0152 0.01508 10.00000 1.0395095348 2.4808259010    0.565  3.538  3.4904 -0.435    8  0.530  0.480   455.69   161.30    97.62    80.31    65.34  0 -2.39e-06      0.13 6.946e-01 2.904e-01 2.388e-03 1.138e-03 6.627e-03 -1.000 1.503e-02 -4.075 3.650 3.125 1.807 -0.652 -2.870 -5.919 -6.884 -7.318
0.0152 0.01508 10.00000 1.0395098925 2.4808261395    0.556  3.545  3.5387 -0.256    8  0.530  0.480   294.48   116.27    71.39    58.48    47.53  0 -2.94e-06      0.26 6.946e-01 2.904e-01 2.388e-03 1.138e-03 6.627e-03 -1.000 1.503e-02 -4.093 3.648 1.168 -0.780 -2.355 -3.973 -5.707 -6.648 -7.079
0.0152 0.01508 10.00000 1.0395104885 2.4808261395    0.530 -9.999  4.0000  1.855    9  0.530  0.000     0.00     0.00     0.00     0.00     0.00 -1    -1e-30      0.00 6.946e-01 2.904e-01 2.388e-03 1.138e-03 6.627e-03 -1.000 1.503e-02 29.767 29.699 29.966 30.023 30.018 30.020 30.079 30.082 30.102
#isochrone terminated
