# File generated by CMD 3.4 (http://stev.oapd.inaf.it/cmd) on Tue May 18 08:44:52 CEST 2021
# isochrones based on PARSEC release v1.2S +  COLIBRI S_37 + S_35 + PR16
# Basic references: Bressan et al. (2012), MNRAS, 427, 127 + Chen et al. (2014, 2015), MNRAS, 444, 2525 + MNRAS, 452, 1068 + Tang et al. (2014), MNRAS, 445, 4287 + Marigo et al. (2017), ApJ, 835, 77 + Pastorelli al. (2019), MNRAS, 485, 5666 + Pastorelli al. (2020), MNRAS, in press
# Thermal pulse cycles included 
# On RGB, assumed Reimers mass loss with efficiency eta=0.2
# LPV periods and growth rates added cf. Trabucchi et al. (2019)
# Photometric system: <i>UBVRIJHK</i> (cf. Maiz-Apellaniz 2006 + Bessell 1990)
# Using YBC version of bolometric corrections as in Chen et al. (2019)
# O-rich circumstellar dpmod60alox40 dust from Groenewegen (2006)
# C-rich circumstellar AMCSIC15 dust from Groenewegen (2006)
# IMF: Kroupa (2001, 2002) + Kroupa et al. (2013) canonical two-part-power law IMF corrected for unresolved binaries 
# Kind of output: isochrone tables
# Zini     MH   logAge Mini        int_IMF         Mass   logL    logTe  logg  label   McoreTP C_O  period0  period1  period2  period3  period4  pmode  Mloss  tau1m   X   Y   Xc  Xn  Xo  Cexcess  Z 	 mbolmag  Umag    Bmag    Vmag    Rmag    Imag    Jmag    Hmag    Kmag
0.0152 0.01508 10.04139 0.0900000036 1.0816895962    0.090 -3.423  3.3625  5.217    1  0.000  0.545     0.00     0.00     0.00     0.00     0.00 -1  -3.9e-17      0.00 7.079e-01 2.768e-01 2.746e-03 7.408e-04 6.719e-03 -1.000 1.527e-02 13.327 22.582 19.963 18.134 15.987 13.741 11.249 10.639 10.352
0.0152 0.01508 10.04139 0.1000000015 1.1711064577    0.100 -3.240  3.3884  5.184    1  0.000  0.545     0.00     0.00     0.00     0.00     0.00 -1  -1.6e-18      0.00 7.074e-01 2.773e-01 2.746e-03 7.408e-04 6.719e-03 -1.000 1.527e-02 12.870 22.063 19.480 17.660 15.525 13.285 10.794 10.184 9.894
0.0152 0.01508 10.04139 0.1055055857 1.2155170441    0.105 -3.162  3.3987  5.170    1  0.000  0.545     0.00     0.00     0.00     0.00     0.00 -1 -4.49e-18      0.00 7.072e-01 2.776e-01 2.746e-03 7.408e-04 6.719e-03 -1.000 1.527e-02 12.676 21.842 19.274 17.458 15.328 13.090 10.600 9.991 9.698
0.0152 0.01508 10.04139 0.1200000122 1.3193155527    0.120 -2.975  3.4233  5.137    1  0.000  0.545     0.00     0.00     0.00     0.00     0.00 -1 -1.04e-16      0.00 7.065e-01 2.782e-01 2.746e-03 7.408e-04 6.719e-03 -1.000 1.527e-02 12.208 20.978 18.549 16.763 14.719 12.538 10.147 9.538 9.241
0.0152 0.01508 10.04139 0.1400000006 1.4384527206    0.140 -2.791  3.4435  5.101    1  0.000  0.545     0.00     0.00     0.00     0.00     0.00 -1 -1.53e-16      0.00 7.057e-01 2.791e-01 2.746e-03 7.408e-04 6.719e-03 -1.000 1.527e-02 11.749 19.433 17.332 15.635 13.828 11.818 9.736 9.124 8.827
0.0152 0.01508 10.04139 0.1482465565 1.4813030958    0.148 -2.731  3.4494  5.089    1  0.000  0.545     0.00     0.00     0.00     0.00     0.00 -1 -1.73e-16      0.00 7.053e-01 2.794e-01 2.746e-03 7.408e-04 6.719e-03 -1.000 1.527e-02 11.597 18.996 16.977 15.304 13.560 11.598 9.597 8.985 8.689
0.0152 0.01508 10.04139 0.1599999964 1.5372931957    0.160 -2.650  3.4571  5.072    1  0.000  0.545     0.00     0.00     0.00     0.00     0.00 -1 -2.05e-16      0.00 7.049e-01 2.798e-01 2.746e-03 7.408e-04 6.719e-03 -1.000 1.527e-02 11.394 18.424 16.512 14.862 13.202 11.313 9.414 8.801 8.506
0.0152 0.01508 10.04139 0.2000000030 1.6938791275    0.200 -2.429  3.4759  5.024    1  0.000  0.545     0.00     0.00     0.00     0.00     0.00 -1 -3.22e-16      0.00 7.037e-01 2.810e-01 2.746e-03 7.408e-04 6.719e-03 -1.000 1.527e-02 10.843 17.078 15.383 13.793 12.314 10.592 8.908 8.293 8.007
0.0152 0.01508 10.04139 0.2500000000 1.8403258324    0.250 -2.215  3.4922  4.972    1  0.000  0.545     0.00     0.00     0.00     0.00     0.00 -1 -9.23e-18      0.00 7.028e-01 2.819e-01 2.746e-03 7.408e-04 6.719e-03 -1.000 1.527e-02 10.308 15.958 14.410 12.855 11.509 9.940 8.414 7.797 7.521
0.0152 0.01508 10.04139 0.3000000119 1.9529139996    0.300 -2.050  3.5027  4.928    1  0.000  0.545     0.00     0.00     0.00     0.00     0.00 -1 -2.12e-18      0.00 7.025e-01 2.822e-01 2.746e-03 7.408e-04 6.719e-03 -1.000 1.527e-02 9.895 15.223 13.752 12.231 10.956 9.468 8.025 7.404 7.138
0.0152 0.01508 10.04139 0.3500000238 2.0434176922    0.350 -1.903  3.5114  4.883    1  0.000  0.545     0.00     0.00     0.00     0.00     0.00 -1 -1.23e-17      0.00 7.088e-01 2.759e-01 2.746e-03 7.408e-04 6.719e-03 -1.000 1.527e-02 9.529 14.618 13.201 11.707 10.485 9.060 7.679 7.054 6.795
0.0152 0.01508 10.04139 0.4000000358 2.1185026169    0.400 -1.759  3.5226  4.841    1  0.000  0.545     0.00     0.00     0.00     0.00     0.00 -1 -1.31e-15      0.00 7.091e-01 2.756e-01 2.746e-03 7.408e-04 6.719e-03 -1.000 1.527e-02 9.167 14.000 12.629 11.162 9.998 8.653 7.345 6.713 6.464
0.0152 0.01508 10.04139 0.4500000477 2.1822810173    0.450 -1.608  3.5351  4.792    1  0.000  0.545     0.00     0.00     0.00     0.00     0.00 -1 -1.86e-15      0.00 7.091e-01 2.756e-01 2.746e-03 7.408e-04 6.719e-03 -1.000 1.527e-02 8.791 13.387 12.045 10.608 9.499 8.234 6.999 6.358 6.118
0.0152 0.01508 10.04139 0.5000000000 2.2374541759    0.500 -1.449  3.5506  4.740    1  0.000  0.545     0.00     0.00     0.00     0.00     0.00 -1  -2.7e-15      0.00 7.092e-01 2.755e-01 2.746e-03 7.408e-04 6.719e-03 -1.000 1.527e-02 8.391 12.751 11.420 10.009 8.959 7.792 6.639 5.986 5.759
0.0152 0.01508 10.04139 0.5387083888 2.2740838528    0.538 -1.307  3.5667  4.695    1  0.000  0.545     0.00     0.00     0.00     0.00     0.00 -1 -3.79e-15      0.00 7.285e-01 2.572e-01 2.575e-03 6.950e-04 6.305e-03 -1.000 1.432e-02 8.039 12.201 10.856 9.461 8.461 7.404 6.331 5.665 5.452
0.0152 0.01508 10.04139 0.5500000119 2.2836582661    0.550 -1.268  3.5711  4.683    1  0.000  0.545     0.00     0.00     0.00     0.00     0.00 -1 -4.16e-15      0.00 7.340e-01 2.519e-01 2.526e-03 6.818e-04 6.185e-03 -1.000 1.405e-02 7.940 12.052 10.701 9.310 8.322 7.297 6.244 5.575 5.367
0.0152 0.01508 10.04139 0.6000000238 2.3211214542    0.600 -1.092  3.5966  4.646    1  0.000  0.544     0.00     0.00     0.00     0.00     0.00 -1 -6.24e-15      0.00 7.377e-01 2.484e-01 2.496e-03 6.738e-04 6.114e-03 -1.000 1.392e-02 7.499 11.349 9.962 8.607 7.681 6.822 5.870 5.181 5.008
0.0152 0.01508 10.04139 0.6499999762 2.3520355225    0.650 -0.910  3.6279  4.624    1  0.000  0.544     0.00     0.00     0.00     0.00     0.00 -1 -9.35e-15      0.00 7.410e-01 2.452e-01 2.469e-03 6.667e-04 6.050e-03 -1.000 1.378e-02 7.044 10.562 9.136 7.876 7.027 6.340 5.488 4.804 4.680
0.0152 0.01508 10.04139 0.7000000477 2.3779268265    0.700 -0.732  3.6596  4.605    1  0.000  0.544     0.00     0.00     0.00     0.00     0.00 -1 -1.39e-14      0.00 7.442e-01 2.422e-01 2.443e-03 6.599e-04 5.989e-03 -1.000 1.363e-02 6.599 9.506 8.265 7.152 6.411 5.875 5.129 4.507 4.418
0.0152 0.01508 10.04139 0.7169405222 2.3857629299    0.717 -0.672  3.6699  4.597    1  0.000  0.541     0.00     0.00     0.00     0.00     0.00 -1 -1.59e-14      0.00 7.454e-01 2.410e-01 2.422e-03 6.569e-04 5.966e-03 -1.000 1.357e-02 6.449 9.119 7.983 6.922 6.222 5.719 5.010 4.420 4.337
0.0152 0.01508 10.04139 0.7380170226 2.3949368000    0.738 -0.598  3.6823  4.585    1  0.000  0.538     0.00     0.00     0.00     0.00     0.00 -1 -1.88e-14      0.00 7.469e-01 2.396e-01 2.396e-03 6.531e-04 5.936e-03 -1.000 1.351e-02 6.264 8.645 7.648 6.648 5.999 5.528 4.864 4.317 4.240
0.0152 0.01508 10.04139 0.7500000000 2.3998889923    0.750 -0.556  3.6893  4.578    1  0.000  0.536     0.00     0.00     0.00     0.00     0.00 -1 -2.07e-14      0.00 7.478e-01 2.388e-01 2.381e-03 6.510e-04 5.919e-03 -1.000 1.344e-02 6.159 8.401 7.469 6.500 5.877 5.422 4.781 4.254 4.181
0.0152 0.01508 10.04139 0.7574051619 2.4028594494    0.757 -0.531  3.6929  4.571    1  0.000  0.536     0.00     0.00     0.00     0.00     0.00 -1  -2.2e-14      0.00 7.485e-01 2.381e-01 2.375e-03 6.494e-04 5.904e-03 -1.000 1.342e-02 6.096 8.262 7.369 6.416 5.806 5.359 4.730 4.214 4.143
0.0152 0.01508 10.04139 0.7745490074 2.4094862938    0.774 -0.472  3.7011  4.555    1  0.000  0.536     0.00     0.00     0.00     0.00     0.00 -1 -2.54e-14      0.00 7.502e-01 2.365e-01 2.362e-03 6.458e-04 5.872e-03 -1.000 1.334e-02 5.950 7.943 7.140 6.223 5.644 5.213 4.613 4.121 4.054
0.0152 0.01508 10.04139 0.7909041047 2.4155013561    0.791 -0.416  3.7088  4.539    1  0.000  0.536     0.00     0.00     0.00     0.00     0.00 -1 -2.91e-14      0.00 7.517e-01 2.350e-01 2.349e-03 6.423e-04 5.841e-03 -1.000 1.327e-02 5.811 7.655 6.930 6.044 5.491 5.075 4.500 4.032 3.967
0.0152 0.01508 10.04139 0.8000000119 2.4187245369    0.800 -0.385  3.7129  4.530    1  0.000  0.536     0.00     0.00     0.00     0.00     0.00 -1 -3.14e-14      0.00 7.526e-01 2.342e-01 2.342e-03 6.404e-04 5.824e-03 -1.000 1.325e-02 5.732 7.497 6.816 5.947 5.407 4.999 4.437 3.981 3.917
0.0152 0.01508 10.04139 0.8078933358 2.4214539528    0.807 -0.358  3.7164  4.520    1  0.000  0.536     0.00     0.00     0.00     0.00     0.00 -1 -3.36e-14      0.00 7.535e-01 2.333e-01 2.334e-03 6.385e-04 5.807e-03 -1.000 1.323e-02 5.664 7.364 6.718 5.863 5.334 4.932 4.382 3.935 3.873
0.0152 0.01508 10.04139 0.8228416443 2.4264583588    0.822 -0.306  3.7228  4.502    1  0.000  0.536     0.00     0.00     0.00     0.00     0.00 -1 -3.84e-14      0.00 7.552e-01 2.317e-01 2.321e-03 6.348e-04 5.774e-03 -1.000 1.315e-02 5.534 7.117 6.535 5.705 5.197 4.806 4.275 3.845 3.786
0.0152 0.01508 10.04139 0.8372572064 2.4310903549    0.837 -0.255  3.7288  4.482    1  0.000  0.536     0.00     0.00     0.00     0.00     0.00 -1 -4.37e-14      0.00 7.568e-01 2.301e-01 2.308e-03 6.313e-04 5.743e-03 -1.000 1.309e-02 5.407 6.887 6.364 5.556 5.064 4.682 4.171 3.757 3.700
0.0152 0.01508 10.04139 0.8500000238 2.4350347519    0.849 -0.209  3.7338  4.464    1  0.000  0.536     0.00     0.00     0.00     0.00     0.00 -1 -4.92e-14      0.00 7.582e-01 2.288e-01 2.296e-03 6.282e-04 5.715e-03 -1.000 1.304e-02 5.294 6.688 6.212 5.425 4.947 4.574 4.078 3.677 3.622
0.0152 0.01508 10.04139 0.8610674143 2.4383518696    0.860 -0.169  3.7379  4.445    1  0.000  0.536     0.00     0.00     0.00     0.00     0.00 -1 -5.47e-14      0.00 7.597e-01 2.274e-01 2.284e-03 6.250e-04 5.686e-03 -1.000 1.292e-02 5.193 6.518 6.080 5.309 4.844 4.478 3.994 3.603 3.551
0.0152 0.01508 10.04139 0.8750463724 2.4424040318    0.874 -0.117  3.7428  4.420    1  0.000  0.536     0.00     0.00     0.00     0.00     0.00 -1  -6.3e-14      0.00 7.615e-01 2.257e-01 2.269e-03 6.209e-04 5.650e-03 -1.000 1.283e-02 5.063 6.303 5.913 5.164 4.712 4.354 3.885 3.506 3.456
0.0152 0.01508 10.04139 0.8881609440 2.4460723400    0.887 -0.067  3.7471  4.393    1  0.000  0.535     0.00     0.00     0.00     0.00     0.00 -1 -7.23e-14      0.00 7.632e-01 2.240e-01 2.255e-03 6.172e-04 5.617e-03 -1.000 1.279e-02 4.938 6.103 5.758 5.026 4.588 4.237 3.780 3.410 3.362
0.0152 0.01508 10.04139 0.9000000358 2.4492788315    0.899 -0.021  3.7505  4.367    1  0.000  0.535     0.00     0.00     0.00     0.00     0.00 -1 -8.23e-14      0.00 7.647e-01 2.226e-01 2.243e-03 6.140e-04 5.588e-03 -1.000 1.273e-02 4.823 5.929 5.619 4.902 4.473 4.128 3.680 3.319 3.273
0.0152 0.01508 10.04139 0.9075765610 2.4512803555    0.906  0.008  3.7525  4.349    1  0.000  0.535     0.00     0.00     0.00     0.00     0.00 -1 -8.95e-14      0.00 7.659e-01 2.214e-01 2.234e-03 6.114e-04 5.565e-03 -1.000 1.267e-02 4.749 5.824 5.532 4.823 4.400 4.057 3.615 3.259 3.213
0.0152 0.01508 10.04139 0.9226699471 2.4551551342    0.921  0.068  3.7556  4.309    1  0.000  0.535     0.00     0.00     0.00     0.00     0.00 -1 -1.06e-13      0.00 7.679e-01 2.196e-01 2.218e-03 6.073e-04 5.528e-03 -1.000 1.254e-02 4.601 5.626 5.363 4.667 4.253 3.915 3.481 3.132 3.087
0.0152 0.01508 10.04139 0.9345928431 2.4581143856    0.933  0.118  3.7577  4.273    1  0.000  0.535     0.00     0.00     0.00     0.00     0.00 -1 -1.24e-13      0.00 7.679e-01 2.195e-01 2.218e-03 6.074e-04 5.529e-03 -1.000 1.256e-02 4.476 5.468 5.223 4.537 4.128 3.794 3.366 3.021 2.978
0.0152 0.01508 10.04139 0.9363141060 2.4585344791    0.935  0.125  3.7579  4.267    1  0.000  0.535     0.00     0.00     0.00     0.00     0.00 -1 -1.27e-13      0.00 7.678e-01 2.196e-01 2.219e-03 6.076e-04 5.531e-03 -1.000 1.256e-02 4.457 5.445 5.203 4.517 4.110 3.776 3.348 3.004 2.961
0.0152 0.01508 10.04139 0.9445698857 2.4605247974    0.943  0.162  3.7587  4.237    1  0.000  0.535     0.00     0.00     0.00     0.00     0.00 -1 -1.42e-13      0.00 7.669e-01 2.205e-01 2.229e-03 6.102e-04 5.554e-03 -1.000 1.265e-02 4.365 5.339 5.105 4.423 4.018 3.685 3.260 2.918 2.875
0.0152 0.01508 10.04139 0.9500000477 2.4618122578    0.949  0.187  3.7589  4.216    1  0.000  0.535     0.00     0.00     0.00     0.00     0.00 -1 -1.54e-13      0.00 7.661e-01 2.212e-01 2.236e-03 6.123e-04 5.573e-03 -1.000 1.268e-02 4.302 5.272 5.040 4.360 3.956 3.623 3.198 2.856 2.814
0.0152 0.01508 10.04139 0.9525796175 2.4624180794    0.951  0.199  3.7589  4.205    1  0.000  0.535     0.00     0.00     0.00     0.00     0.00 -1  -1.6e-13      0.00 7.658e-01 2.215e-01 2.239e-03 6.131e-04 5.581e-03 -1.000 1.269e-02 4.272 5.241 5.010 4.329 3.926 3.593 3.168 2.826 2.784
0.0152 0.01508 10.04139 0.9605079293 2.4642562866    0.959  0.238  3.7582  4.167    1  0.000  0.535     0.00     0.00     0.00     0.00     0.00 -1 -1.82e-13      0.00 7.639e-01 2.233e-01 2.260e-03 6.187e-04 5.632e-03 -1.000 1.282e-02 4.175 5.153 4.917 4.234 3.829 3.496 3.069 2.725 2.682
0.0152 0.01508 10.04139 0.9658063054 2.4654653072    0.965  0.264  3.7571  4.138    1  0.000  0.535     0.00     0.00     0.00     0.00     0.00 -1    -2e-13      0.00 7.623e-01 2.248e-01 2.276e-03 6.232e-04 5.673e-03 -1.000 1.290e-02 4.109 5.100 4.857 4.170 3.763 3.428 2.998 2.651 2.608
0.0152 0.01508 10.04139 0.9675143361 2.4658520222    0.966  0.273  3.7564  4.128    1  0.000  0.535     0.00     0.00     0.00     0.00     0.00 -1 -2.06e-13      0.00 7.610e-01 2.260e-01 2.288e-03 6.265e-04 5.704e-03 -1.000 1.299e-02 4.087 5.088 4.839 4.150 3.741 3.405 2.973 2.625 2.581
0.0152 0.01508 10.04139 0.9744756818 2.4674112797    0.973  0.309  3.7527  4.081    2  0.000  0.535     0.00     0.00     0.00     0.00     0.00 -1 -2.35e-13      0.00 7.548e-01 2.319e-01 2.346e-03 6.424e-04 5.848e-03 -1.000 1.329e-02 3.998 5.049 4.774 4.070 3.653 3.311 2.868 2.511 2.466
0.0152 0.01508 10.04139 0.9815711975 2.4689743519    0.980  0.341  3.7441  4.017    2  0.000  0.535     0.00     0.00     0.00     0.00     0.00 -1 -2.71e-13      0.00 7.451e-01 2.412e-01 2.429e-03 6.649e-04 6.051e-03 -1.000 1.377e-02 3.918 5.091 4.748 4.011 3.574 3.218 2.750 2.373 2.324
0.0152 0.01508 10.04139 0.9853804111 2.4698028564    0.984  0.351  3.7348  3.971    2  0.000  0.536     0.00     0.00     0.00     0.00     0.00 -1 -2.93e-13      0.00 7.382e-01 2.478e-01 2.484e-03 6.798e-04 6.183e-03 -1.000 1.407e-02 3.891 5.200 4.783 4.012 3.552 3.182 2.687 2.286 2.234
0.0152 0.01508 10.04139 0.9877419472 2.4703128338    0.987  0.354  3.7258  3.934    2  0.000  0.536     0.00     0.00     0.00     0.00     0.00 -1 -3.08e-13      0.00 7.332e-01 2.525e-01 2.523e-03 6.900e-04 6.275e-03 -1.000 1.427e-02 3.886 5.332 4.843 4.037 3.555 3.170 2.646 2.221 2.166
0.0152 0.01508 10.04139 0.9897293448 2.4707398415    0.989  0.358  3.7158  3.891    2  0.000  0.536     0.00     0.00     0.00     0.00     0.00 -1 -3.26e-13      0.00 7.289e-01 2.567e-01 2.555e-03 6.986e-04 6.352e-03 -1.000 1.441e-02 3.876 5.484 4.909 4.065 3.557 3.155 2.598 2.146 2.087
0.0152 0.01508 10.04139 0.9916339517 2.4711472988    0.990  0.376  3.7062  3.835    2  0.000  0.537     0.00     0.00     0.00     0.00     0.00 -1 -3.61e-13      0.00 7.248e-01 2.607e-01 2.584e-03 7.063e-04 6.420e-03 -1.000 1.460e-02 3.830 5.602 4.941 4.060 3.526 3.107 2.518 2.038 1.975
0.0152 0.01508 10.04139 0.9933004379 2.4715023041    0.992  0.409  3.6992  3.774    2  0.000  0.537     0.00     0.00     0.00     0.00     0.00 -1 -4.16e-13      0.00 7.211e-01 2.642e-01 2.607e-03 7.123e-04 6.473e-03 -1.000 1.471e-02 3.747 5.642 4.919 4.010 3.456 3.024 2.411 1.911 1.844
0.0152 0.01508 10.04139 0.9939532280 2.4716408253    0.993  0.426  3.6969  3.748    2  0.000  0.537     0.00     0.00     0.00     0.00     0.00 -1 -4.47e-13      0.00 7.196e-01 2.656e-01 2.614e-03 7.145e-04 6.492e-03 -1.000 1.472e-02 3.704 5.640 4.897 3.979 3.418 2.981 2.360 1.853 1.785
0.0152 0.01508 10.04139 0.9946095347 2.4717800617    0.993  0.451  3.6953  3.718    2  0.000  0.537     0.00     0.00     0.00     0.00     0.00 -1 -4.89e-13      0.00 7.180e-01 2.672e-01 2.621e-03 7.163e-04 6.508e-03 -1.000 1.477e-02 3.644 5.607 4.851 3.926 3.362 2.921 2.294 1.782 1.714
0.0152 0.01508 10.04139 0.9957073331 2.4720125198    0.994  0.493  3.6928  3.665    3  0.000  0.537     0.00     0.00     0.00     0.00     0.00 -1 -5.72e-13      0.00 7.153e-01 2.699e-01 2.629e-03 7.195e-04 6.534e-03 -1.000 1.484e-02 3.536 5.540 4.765 3.831 3.260 2.815 2.179 1.659 1.590
0.0152 0.01508 10.04139 0.9968540668 2.4722547531    0.996  0.545  3.6908  3.606    3  0.000  0.535     0.00     0.00     0.00     0.00     0.00 -1 -6.88e-13      0.00 7.119e-01 2.732e-01 2.629e-03 7.248e-04 6.557e-03 -1.000 1.489e-02 3.408 5.442 4.653 3.712 3.136 2.687 2.044 1.518 1.448
0.0152 0.01508 10.04139 0.9977817535 2.4724500179    0.996  0.592  3.6895  3.555    3  0.000  0.529     0.00     0.00     0.00     0.00     0.00 -1 -8.13e-13      0.00 7.089e-01 2.762e-01 2.609e-03 7.418e-04 6.572e-03 -1.000 1.494e-02 3.291 5.343 4.547 3.601 3.023 2.571 1.923 1.393 1.322
0.0152 0.01508 10.04139 0.9985594153 2.4726135731    0.997  0.634  3.6884  3.508    3  0.000  0.521     0.00     0.00     0.00     0.00     0.00 -1 -9.45e-13      0.00 7.063e-01 2.788e-01 2.571e-03 7.777e-04 6.584e-03 -1.000 1.497e-02 3.185 5.251 4.450 3.500 2.920 2.466 1.814 1.280 1.209
0.0152 0.01508 10.04139 0.9993020892 2.4727692604    0.998  0.678  3.6873  3.460    3  0.000  0.509     0.00     0.00     0.00     0.00     0.00 -1  -1.1e-12      0.00 7.038e-01 2.812e-01 2.519e-03 8.364e-04 6.593e-03 -1.000 1.500e-02 3.075 5.160 4.351 3.395 2.814 2.357 1.701 1.164 1.093
0.0152 0.01508 10.04139 0.9999986291 2.4729151726    0.999  0.722  3.6863  3.412    3  0.000  0.497     0.00     0.00     0.00     0.00     0.00 -1 -1.29e-12      0.00 7.014e-01 2.836e-01 2.460e-03 9.099e-04 6.601e-03 -1.000 1.505e-02 2.964 5.068 4.251 3.290 2.705 2.247 1.587 1.047 0.975
0.0152 0.01508 10.04139 1.0000000000 2.4729156494    0.999  0.722  3.6863  3.412    3  0.000  0.497     0.00     0.00     0.00     0.00     0.00 -1 -1.29e-12      0.00 7.014e-01 2.836e-01 2.459e-03 9.100e-04 6.601e-03 -1.000 1.505e-02 2.964 5.068 4.250 3.289 2.705 2.247 1.586 1.047 0.975
0.0152 0.01508 10.04139 1.0003145933 2.4729814529    0.999  0.743  3.6858  3.389    3  0.000  0.491     0.00     0.00     0.00     0.00     0.00 -1 -1.39e-12      0.00 7.002e-01 2.847e-01 2.431e-03 9.464e-04 6.604e-03 -1.000 1.507e-02 2.911 5.024 4.203 3.239 2.654 2.194 1.532 0.991 0.919
0.0152 0.01508 10.04139 1.0008962154 2.4731030464    0.999  0.786  3.6848  3.343    3  0.000  0.482     0.00     0.00     0.00     0.00     0.00 -1 -1.62e-12      0.00 6.985e-01 2.864e-01 2.392e-03 9.972e-04 6.609e-03 -1.000 1.507e-02 2.806 4.939 4.108 3.139 2.551 2.089 1.423 0.880 0.807
0.0152 0.01508 10.04139 1.0014842749 2.4732258320    1.000  0.832  3.6836  3.293    3  0.000  0.475     0.00     0.00     0.00     0.00     0.00 -1  -1.9e-12      0.00 6.969e-01 2.880e-01 2.357e-03 1.042e-03 6.613e-03 -1.000 1.511e-02 2.691 4.848 4.006 3.030 2.439 1.975 1.304 0.757 0.684
0.0152 0.01508 10.04139 1.0019818544 2.4733295441    1.000  0.874  3.6824  3.246    3  0.000  0.471     0.00     0.00     0.00     0.00     0.00 -1 -2.21e-12      0.00 6.958e-01 2.891e-01 2.336e-03 1.068e-03 6.616e-03 -1.000 1.513e-02 2.585 4.766 3.913 2.931 2.337 1.869 1.194 0.644 0.570
0.0152 0.01508 10.04139 1.0024272203 2.4734222889    1.001  0.915  3.6811  3.200    3  0.000  0.468     0.00     0.00     0.00     0.00     0.00 -1 -2.56e-12      0.00 6.950e-01 2.899e-01 2.321e-03 1.089e-03 6.618e-03 -1.000 1.511e-02 2.483 4.687 3.823 2.834 2.237 1.767 1.088 0.534 0.460
0.0152 0.01508 10.04139 1.0028406382 2.4735083580    1.001  0.955  3.6799  3.155    3  0.000  0.465     0.00     0.00     0.00     0.00     0.00 -1 -2.96e-12      0.00 6.942e-01 2.907e-01 2.307e-03 1.106e-03 6.620e-03 -1.000 1.507e-02 2.382 4.612 3.735 2.740 2.139 1.667 0.982 0.425 0.350
0.0152 0.01508 10.04139 1.0032500029 2.4735932350    1.002  0.999  3.6784  3.105    3  0.000  0.463     0.00     0.00     0.00     0.00     0.00 -1 -3.46e-12      0.00 6.937e-01 2.912e-01 2.298e-03 1.119e-03 6.621e-03 -1.000 1.508e-02 2.272 4.535 3.642 2.639 2.034 1.558 0.868 0.306 0.230
0.0152 0.01508 10.04139 1.0036952496 2.4736857414    1.002  1.051  3.6765  3.045    3  0.000  0.461     0.00     0.00     0.00     0.00     0.00 -1 -4.18e-12      0.00 6.932e-01 2.917e-01 2.291e-03 1.128e-03 6.622e-03 -1.000 1.508e-02 2.141 4.445 3.533 2.519 1.909 1.429 0.731 0.163 0.087
0.0152 0.01508 10.04139 1.0040211678 2.4737534523    1.002  1.093  3.6748  2.997    3  0.000  0.460     0.00     0.00     0.00     0.00     0.00 -1 -4.86e-12      0.00 6.930e-01 2.919e-01 2.287e-03 1.134e-03 6.623e-03 -1.000 1.508e-02 2.037 4.375 3.446 2.424 1.810 1.326 0.622 0.049 -0.029
0.0152 0.01508 10.04139 1.0043088198 2.4738130569    1.002  1.133  3.6732  2.951    3  0.000  0.460     0.00     0.00     0.00     0.00     0.00 -1 -5.61e-12      0.00 6.930e-01 2.920e-01 2.286e-03 1.135e-03 6.623e-03 -1.000 1.508e-02 1.937 4.309 3.363 2.334 1.715 1.228 0.517 -0.061 -0.139
0.0152 0.01508 10.04139 1.0045745373 2.4738681316    1.003  1.173  3.6716  2.905    3  0.000  0.460     0.00     0.00     0.00     0.00     0.00 -1 -6.48e-12      0.00 6.930e-01 2.920e-01 2.285e-03 1.135e-03 6.623e-03 -1.000 1.508e-02 1.839 4.244 3.282 2.245 1.621 1.130 0.413 -0.169 -0.249
0.0152 0.01508 10.04139 1.0048938990 2.4739341736    1.003  1.225  3.6693  2.844    3  0.000  0.460     0.00     0.00     0.00     0.00     0.00 -1 -7.83e-12      0.00 6.929e-01 2.920e-01 2.285e-03 1.136e-03 6.623e-03 -1.000 1.508e-02 1.708 4.161 3.176 2.128 1.498 1.002 0.276 -0.314 -0.394
0.0152 0.01508 10.04139 1.0051767826 2.4739928246    1.003  1.275  3.6670  2.784    3  0.000  0.460     0.00     0.00     0.00     0.00     0.00 -1 -9.41e-12      0.00 6.929e-01 2.920e-01 2.285e-03 1.136e-03 6.623e-03 -1.000 1.508e-02 1.582 4.084 3.075 2.016 1.379 0.878 0.143 -0.454 -0.536
0.0152 0.01508 10.04139 1.0054359436 2.4740464687    1.003  1.326  3.6646  2.724    3  0.000  0.460     0.00     0.00     0.00     0.00     0.00 -1 -1.13e-11      0.00 6.929e-01 2.920e-01 2.284e-03 1.137e-03 6.624e-03 -1.000 1.508e-02 1.455 4.009 2.975 1.905 1.261 0.754 0.010 -0.594 -0.678
0.0152 0.01508 10.04139 1.0056768656 2.4740962982    1.003  1.377  3.6621  2.663    3  0.000  0.460     0.00     0.00     0.00     0.00     0.00 -1 -1.36e-11      0.00 6.929e-01 2.920e-01 2.284e-03 1.137e-03 6.624e-03 -1.000 1.508e-02 1.329 3.936 2.876 1.794 1.143 0.630 -0.124 -0.735 -0.821
0.0152 0.01508 10.04139 1.0058974028 2.4741418362    1.003  1.425  3.6597  2.605    3  0.000  0.460     0.00     0.00     0.00     0.00     0.00 -1 -1.63e-11      0.00 6.929e-01 2.920e-01 2.284e-03 1.137e-03 6.624e-03 -1.000 1.508e-02 1.207 3.867 2.781 1.687 1.029 0.511 -0.252 -0.872 -0.959
0.0152 0.01508 10.04139 1.0061234236 2.4741883278    1.003  1.472  3.6573  2.548    3  0.000  0.460     0.00     0.00     0.00     0.00     0.00 -1 -1.94e-11      0.00 6.929e-01 2.920e-01 2.284e-03 1.138e-03 6.624e-03 -1.000 1.508e-02 1.090 3.804 2.692 1.587 0.922 0.397 -0.375 -1.002 -1.092
0.0152 0.01508 10.04139 1.0063546896 2.4742362499    1.003  1.505  3.6557  2.509    3  0.000  0.460     0.00     0.00     0.00     0.00     0.00 -1  -2.2e-11      0.00 6.929e-01 2.920e-01 2.283e-03 1.138e-03 6.624e-03 -1.000 1.508e-02 1.008 3.758 2.629 1.516 0.846 0.318 -0.461 -1.094 -1.184
0.0152 0.01508 10.04139 1.0065280199 2.4742717743    1.004  1.474  3.6578  2.548    3  0.000  0.460     0.00     0.00     0.00     0.00     0.00 -1 -1.98e-11      0.00 6.929e-01 2.920e-01 2.283e-03 1.138e-03 6.624e-03 -1.000 1.508e-02 1.085 3.788 2.682 1.578 0.915 0.392 -0.379 -1.004 -1.093
0.0152 0.01508 10.04139 1.0066440105 2.4742958546    1.004  1.437  3.6602  2.595    3  0.000  0.459     0.00     0.00     0.00     0.00     0.00 -1 -1.73e-11      0.00 6.929e-01 2.920e-01 2.283e-03 1.138e-03 6.624e-03 -1.000 1.508e-02 1.178 3.826 2.746 1.655 0.999 0.482 -0.280 -0.897 -0.985
0.0152 0.01508 10.04139 1.0066537857 2.4742977619    1.004  1.434  3.6604  2.599    3  0.000  0.459     0.00     0.00     0.00     0.00     0.00 -1  -1.7e-11      0.00 6.929e-01 2.920e-01 2.283e-03 1.138e-03 6.624e-03 -1.000 1.508e-02 1.186 3.830 2.752 1.661 1.006 0.489 -0.272 -0.888 -0.976
0.0152 0.01508 10.04139 1.0068144798 2.4743309021    1.004  1.480  3.6579  2.543    3  0.000  0.459     0.00     0.00     0.00     0.00     0.00 -1 -1.99e-11      0.00 6.929e-01 2.920e-01 2.283e-03 1.139e-03 6.624e-03 -1.000 1.508e-02 1.070 3.770 2.665 1.562 0.899 0.377 -0.394 -1.019 -1.108
0.0152 0.01508 10.04139 1.0069794655 2.4743649960    1.004  1.527  3.6552  2.485    3  0.000  0.459     0.00     0.00     0.00     0.00     0.00 -1 -2.37e-11      0.00 6.929e-01 2.920e-01 2.283e-03 1.139e-03 6.624e-03 -1.000 1.508e-02 0.951 3.716 2.579 1.462 0.791 0.261 -0.520 -1.153 -1.244
0.0152 0.01508 10.04139 1.0071371794 2.4743974209    1.004  1.575  3.6525  2.426    3  0.000  0.459     0.00     0.00     0.00     0.00     0.00 -1 -2.83e-11      0.00 6.929e-01 2.920e-01 2.282e-03 1.139e-03 6.624e-03 -1.000 1.509e-02 0.831 3.676 2.497 1.362 0.680 0.144 -0.648 -1.289 -1.381
0.0152 0.01508 10.04139 1.0072789192 2.4744265079    1.004  1.622  3.6498  2.369    3  0.000  0.459     0.00     0.00     0.00     0.00     0.00 -1 -3.36e-11      0.00 6.929e-01 2.921e-01 2.282e-03 1.139e-03 6.624e-03 -1.000 1.509e-02 0.715 3.640 2.419 1.265 0.574 0.031 -0.771 -1.420 -1.515
0.0152 0.01508 10.04139 1.0074133873 2.4744541645    1.003  1.669  3.6471  2.310    3  0.000  0.459     0.00     0.00     0.00     0.00     0.00 -1 -4.02e-11      0.00 6.929e-01 2.921e-01 2.282e-03 1.140e-03 6.624e-03 -1.000 1.509e-02 0.596 3.607 2.341 1.168 0.466 -0.085 -0.898 -1.555 -1.651
0.0152 0.01508 10.04139 1.0075317621 2.4744787216    1.003  1.715  3.6443  2.254    3  0.000  0.459     0.00     0.00     0.00     0.00     0.00 -1 -4.76e-11      0.00 6.929e-01 2.921e-01 2.282e-03 1.140e-03 6.624e-03 -1.000 1.509e-02 0.483 3.579 2.268 1.077 0.364 -0.195 -1.019 -1.685 -1.783
0.0152 0.01508 10.04139 1.0076429844 2.4745016098    1.003  1.761  3.6415  2.196    3  0.000  0.459     0.00     0.00     0.00     0.00     0.00 -1 -5.66e-11      0.00 6.928e-01 2.921e-01 2.282e-03 1.140e-03 6.625e-03 -1.000 1.509e-02 0.366 3.551 2.194 0.983 0.260 -0.307 -1.144 -1.817 -1.918
0.0152 0.01508 10.04139 1.0077432394 2.4745221138    1.003  1.807  3.6387  2.139    3  0.000  0.459     0.00     0.00     0.00     0.00     0.00 -1 -6.71e-11      0.00 6.928e-01 2.921e-01 2.282e-03 1.140e-03 6.625e-03 -1.000 1.509e-02 0.252 3.526 2.123 0.893 0.158 -0.417 -1.265 -1.947 -2.050
0.0152 0.01508 10.04139 1.0078351498 2.4745409489    1.003  1.852  3.6358  2.082    3  0.000  0.459     0.00     0.00     0.00     0.00     0.00 -1 -7.96e-11      0.00 6.928e-01 2.921e-01 2.282e-03 1.140e-03 6.625e-03 -1.000 1.509e-02 0.139 3.505 2.055 0.806 0.060 -0.526 -1.386 -2.077 -2.182
0.0152 0.01508 10.04139 1.0079212189 2.4745588303    1.003  1.898  3.6328  2.024    3  0.000  0.459     0.00     0.00     0.00     0.00     0.00 -1 -9.46e-11      0.00 6.928e-01 2.921e-01 2.281e-03 1.140e-03 6.625e-03 -1.000 1.509e-02 0.024 3.485 1.987 0.717 -0.040 -0.636 -1.508 -2.209 -2.316
0.0152 0.01508 10.04139 1.0079973936 2.4745743275    1.002  1.942  3.6299  1.968    3  0.000  0.459     0.00     0.00     0.00     0.00     0.00 -1 -1.12e-10      0.00 6.928e-01 2.921e-01 2.281e-03 1.141e-03 6.625e-03 -1.000 1.509e-02 -0.086 3.451 1.922 0.630 -0.136 -0.740 -1.625 -2.332 -2.443
0.0152 0.01508 10.04139 1.0080671310 2.4745886326    1.002  1.987  3.6270  1.912    3  0.000  0.459     0.00     0.00     0.00     0.00     0.00 -1 -1.32e-10      0.00 6.928e-01 2.921e-01 2.281e-03 1.141e-03 6.625e-03 -1.000 1.509e-02 -0.196 3.402 1.858 0.545 -0.228 -0.843 -1.741 -2.451 -2.567
0.0152 0.01508 10.04139 1.0081326962 2.4746022224    1.002  2.032  3.6239  1.855    3  0.000  0.459     0.00     0.00     0.00     0.00     0.00 -1 -1.56e-10      0.00 6.928e-01 2.921e-01 2.281e-03 1.141e-03 6.625e-03 -1.000 1.509e-02 -0.309 3.350 1.792 0.457 -0.322 -0.947 -1.858 -2.573 -2.695
0.0152 0.01508 10.04139 1.0081907511 2.4746141434    1.002  2.075  3.6209  1.800    3  0.000  0.459     0.00     0.00     0.00     0.00     0.00 -1 -1.84e-10      0.00 6.928e-01 2.921e-01 2.281e-03 1.141e-03 6.625e-03 -1.000 1.509e-02 -0.417 3.300 1.729 0.372 -0.413 -1.047 -1.972 -2.690 -2.818
0.0152 0.01508 10.04139 1.0082457066 2.4746253490    1.001  2.119  3.6179  1.743    3  0.000  0.459     0.00     0.00     0.00     0.00     0.00 -1 -2.18e-10      0.00 6.928e-01 2.921e-01 2.281e-03 1.141e-03 6.625e-03 -1.000 1.509e-02 -0.528 3.243 1.664 0.287 -0.504 -1.149 -2.088 -2.811 -2.944
0.0152 0.01508 10.04139 1.0082936287 2.4746353626    1.001  2.161  3.6148  1.688    3  0.000  0.459     0.00     0.00     0.00     0.00     0.00 -1 -2.55e-10      0.00 6.928e-01 2.921e-01 2.281e-03 1.141e-03 6.625e-03 -1.000 1.509e-02 -0.633 3.191 1.604 0.209 -0.589 -1.245 -2.197 -2.925 -3.064
0.0152 0.01508 10.04139 1.0083395243 2.4746446609    1.000  2.205  3.6117  1.632    3  0.000  0.459     0.00     0.00     0.00     0.00     0.00 -1 -3.01e-10      0.00 6.928e-01 2.921e-01 2.281e-03 1.141e-03 6.625e-03 -1.000 1.509e-02 -0.742 3.136 1.540 0.128 -0.677 -1.343 -2.310 -3.042 -3.189
0.0152 0.01508 10.04139 1.0083816051 2.4746532440    1.000  2.248  3.6086  1.577    3  0.000  0.459     0.00     0.00     0.00     0.00     0.00 -1 -3.55e-10      0.00 6.928e-01 2.921e-01 2.281e-03 1.141e-03 6.625e-03 -1.000 1.509e-02 -0.849 3.080 1.478 0.049 -0.763 -1.439 -2.423 -3.159 -3.312
0.0152 0.01508 10.04139 1.0084192753 2.4746611118    0.999  2.289  3.6055  1.522    3  0.000  0.459     0.00     0.00     0.00     0.00     0.00 -1 -4.16e-10      0.00 6.928e-01 2.921e-01 2.281e-03 1.141e-03 6.625e-03 -1.000 1.509e-02 -0.953 3.027 1.420 -0.024 -0.844 -1.532 -2.531 -3.273 -3.433
0.0152 0.01508 10.04139 1.0084547997 2.4746682644    0.999  2.332  3.6023  1.467    3  0.000  0.459     0.00     0.00     0.00     0.00     0.00 -1 -4.88e-10      0.00 6.928e-01 2.921e-01 2.281e-03 1.141e-03 6.625e-03 -1.000 1.509e-02 -1.059 3.003 1.367 -0.094 -0.925 -1.628 -2.643 -3.392 -3.558
0.0152 0.01508 10.04139 1.0084871054 2.4746749401    0.998  2.373  3.5991  1.413    3  0.000  0.459     0.00     0.00     0.00     0.00     0.00 -1 -5.72e-10      0.00 6.928e-01 2.921e-01 2.281e-03 1.141e-03 6.625e-03 -1.000 1.509e-02 -1.162 3.002 1.322 -0.157 -1.002 -1.723 -2.754 -3.511 -3.682
0.0152 0.01508 10.04139 1.0085166693 2.4746811390    0.997  2.414  3.5959  1.358    3  0.000  0.459     0.00     0.00     0.00     0.00     0.00 -1  -6.7e-10      0.00 6.928e-01 2.921e-01 2.281e-03 1.141e-03 6.625e-03 -1.000 1.509e-02 -1.264 2.998 1.280 -0.213 -1.073 -1.816 -2.864 -3.630 -3.806
0.0152 0.01508 10.04139 1.0085444450 2.4746868610    0.997  2.455  3.5926  1.304    3  0.000  0.459     0.00     0.00     0.00     0.00     0.00 -1 -7.84e-10      0.00 6.928e-01 2.921e-01 2.281e-03 1.141e-03 6.625e-03 -1.000 1.509e-02 -1.367 2.994 1.238 -0.270 -1.144 -1.909 -2.975 -3.749 -3.930
0.0152 0.01508 10.04139 1.0085694790 2.4746918678    0.996  2.495  3.5893  1.251    3  0.000  0.459     0.00     0.00     0.00     0.00     0.00 -1 -9.15e-10      0.00 6.928e-01 2.921e-01 2.281e-03 1.141e-03 6.625e-03 -1.000 1.509e-02 -1.467 2.992 1.201 -0.322 -1.211 -1.999 -3.082 -3.865 -4.051
0.0152 0.01508 10.04139 1.0085922480 2.4746966362    0.995  2.534  3.5860  1.198    3  0.000  0.459     0.00     0.00     0.00     0.00     0.00 -1 -1.06e-09      0.00 6.928e-01 2.921e-01 2.281e-03 1.142e-03 6.625e-03 -1.000 1.509e-02 -1.565 2.989 1.170 -0.364 -1.269 -2.086 -3.188 -3.979 -4.171
0.0152 0.01508 10.04139 1.0086139441 2.4747009277    0.994  2.574  3.5827  1.144    3  0.000  0.459     0.00     0.00     0.00     0.00     0.00 -1 -1.24e-09      0.00 6.928e-01 2.921e-01 2.281e-03 1.142e-03 6.625e-03 -1.000 1.509e-02 -1.664 2.986 1.138 -0.408 -1.329 -2.175 -3.296 -4.096 -4.292
0.0152 0.01508 10.04139 1.0086336136 2.4747049809    0.993  2.612  3.5793  1.092    3  0.000  0.459     0.00     0.00     0.00     0.00     0.00 -1 -1.44e-09      0.00 6.928e-01 2.921e-01 2.281e-03 1.142e-03 6.625e-03 -1.000 1.509e-02 -1.761 2.984 1.112 -0.446 -1.384 -2.260 -3.400 -4.209 -4.411
0.0152 0.01508 10.04139 1.0086517334 2.4747087955    0.992  2.650  3.5759  1.040    3  0.000  0.459     0.00     0.00     0.00     0.00     0.00 -1 -1.67e-09      0.00 6.928e-01 2.921e-01 2.281e-03 1.142e-03 6.625e-03 -1.000 1.509e-02 -1.856 2.978 1.094 -0.469 -1.426 -2.342 -3.505 -4.321 -4.528
0.0152 0.01508 10.04139 1.0086687803 2.4747123718    0.991  2.689  3.5724  0.987    3  0.000  0.459     0.00     0.00     0.00     0.00     0.00 -1 -1.94e-09      0.00 6.928e-01 2.921e-01 2.281e-03 1.142e-03 6.625e-03 -1.000 1.509e-02 -1.951 2.975 1.078 -0.491 -1.468 -2.424 -3.609 -4.434 -4.647
0.0152 0.01508 10.04139 1.0086847544 2.4747154713    0.989  2.727  3.5689  0.934    3  0.000  0.459     0.00     0.00     0.00     0.00     0.00 -1 -2.25e-09      0.00 6.928e-01 2.921e-01 2.281e-03 1.142e-03 6.625e-03 -1.000 1.509e-02 -2.046 2.977 1.071 -0.503 -1.503 -2.503 -3.715 -4.547 -4.765
0.0152 0.01508 10.04139 1.0087027550 2.4747192860    0.987  2.772  3.5644  0.870    3  0.000  0.459     0.00     0.00     0.00     0.00     0.00 -1  -2.7e-09      0.00 6.928e-01 2.921e-01 2.281e-03 1.142e-03 6.625e-03 -1.000 1.509e-02 -2.161 2.976 1.074 -0.498 -1.530 -2.595 -3.843 -4.684 -4.909
0.0152 0.01508 10.04139 1.0087192059 2.4747226238    0.986  2.817  3.5601  0.807    3  0.000  0.459     0.00     0.00     0.00     0.00     0.00 -1 -3.22e-09      0.00 6.928e-01 2.921e-01 2.281e-03 1.142e-03 6.625e-03 -1.000 1.509e-02 -2.273 2.976 1.079 -0.492 -1.557 -2.685 -3.968 -4.818 -5.050
0.0152 0.01508 10.04139 1.0087342262 2.4747257233    0.983  2.861  3.5557  0.744    3  0.000  0.459     0.00     0.00     0.00     0.00     0.00 -1 -3.84e-09      0.00 6.928e-01 2.921e-01 2.281e-03 1.142e-03 6.625e-03 -1.000 1.509e-02 -2.383 2.972 1.105 -0.458 -1.563 -2.765 -4.091 -4.950 -5.189
0.0152 0.01508 10.04139 1.0087482929 2.4747285843    0.981  2.905  3.5511  0.681    3  0.000  0.459     0.00     0.00     0.00     0.00     0.00 -1 -4.58e-09      0.00 6.928e-01 2.921e-01 2.281e-03 1.142e-03 6.625e-03 -1.000 1.509e-02 -2.493 2.972 1.136 -0.417 -1.566 -2.844 -4.215 -5.082 -5.329
0.0152 0.01508 10.04139 1.0087610483 2.4747312069    0.979  2.948  3.5466  0.619    3  0.000  0.459     0.00     0.00     0.00     0.00     0.00 -1 -5.44e-09      0.00 6.928e-01 2.921e-01 2.281e-03 1.142e-03 6.625e-03 -1.000 1.509e-02 -2.600 2.970 1.186 -0.351 -1.552 -2.910 -4.337 -5.212 -5.467
0.0152 0.01508 10.04139 1.0087729692 2.4747335911    0.976  2.990  3.5420  0.557    3  0.000  0.459     0.00     0.00     0.00     0.00     0.00 -1 -6.45e-09      0.00 6.928e-01 2.921e-01 2.281e-03 1.142e-03 6.625e-03 -1.000 1.509e-02 -2.706 2.970 1.245 -0.272 -1.530 -2.970 -4.457 -5.340 -5.603
0.0152 0.01508 10.04139 1.0087841749 2.4747359753    0.973  3.033  3.5373  0.495    3  0.000  0.459     0.00     0.00     0.00     0.00     0.00 -1 -7.66e-09      0.00 6.928e-01 2.921e-01 2.281e-03 1.142e-03 6.625e-03 -1.000 1.509e-02 -2.811 2.971 1.322 -0.171 -1.494 -3.019 -4.578 -5.467 -5.739
0.0152 0.01508 10.04139 1.0087944269 2.4747381210    0.969  3.073  3.5326  0.434    3  0.000  0.459     0.00     0.00     0.00     0.00     0.00 -1 -9.05e-09      0.00 6.928e-01 2.921e-01 2.281e-03 1.142e-03 6.625e-03 -1.000 1.509e-02 -2.914 2.974 1.419 -0.048 -1.446 -3.056 -4.697 -5.592 -5.872
0.0152 0.01508 10.04139 1.0088039637 2.4747400284    0.966  3.114  3.5279  0.373    3  0.000  0.459     0.00     0.00     0.00     0.00     0.00 -1 -1.07e-08      0.00 6.928e-01 2.921e-01 2.281e-03 1.142e-03 6.625e-03 -1.000 1.509e-02 -3.015 2.976 1.530 0.093 -1.387 -3.079 -4.815 -5.715 -6.005
0.0152 0.01508 10.04139 1.0088126659 2.4747416973    0.962  3.154  3.5232  0.312    3  0.000  0.459     0.00     0.00     0.00     0.00     0.00 -1 -1.26e-08      0.00 6.928e-01 2.921e-01 2.280e-03 1.142e-03 6.625e-03 -1.000 1.509e-02 -3.114 2.981 1.666 0.264 -1.311 -3.080 -4.930 -5.835 -6.135
0.0152 0.01508 10.04139 1.0088208914 2.4747436047    0.957  3.193  3.5183  0.252    3  0.000  0.459     0.00     0.00     0.00     0.00     0.00 -1 -1.48e-08      0.00 6.928e-01 2.921e-01 2.280e-03 1.142e-03 6.625e-03 -1.000 1.509e-02 -3.211 2.989 1.820 0.460 -1.219 -3.064 -5.044 -5.954 -6.263
0.0152 0.01508 10.04139 1.0088285208 2.4747450352    0.952  3.231  3.5135  0.192    3  0.000  0.459     0.00     0.00     0.00     0.00     0.00 -1 -1.74e-08      0.00 6.928e-01 2.921e-01 2.280e-03 1.142e-03 6.625e-03 -1.000 1.509e-02 -3.307 2.999 2.002 0.696 -1.101 -3.017 -5.155 -6.070 -6.390
0.0152 0.01508 10.04139 1.0088357925 2.4747464657    0.947  3.269  3.5086  0.132    3  0.000  0.459     0.00     0.00     0.00     0.00     0.00 -1 -2.04e-08      0.00 6.928e-01 2.921e-01 2.280e-03 1.142e-03 6.625e-03 -1.000 1.509e-02 -3.402 3.007 2.177 0.925 -0.987 -2.969 -5.266 -6.186 -6.516
0.0152 0.01508 10.04139 1.0088425875 2.4747478962    0.941  3.306  3.5037  0.073    3  0.000  0.459     0.00     0.00     0.00     0.00     0.00 -1 -2.39e-08      0.00 6.928e-01 2.921e-01 2.280e-03 1.142e-03 6.625e-03 -1.000 1.509e-02 -3.495 3.009 2.328 1.121 -0.888 -2.923 -5.374 -6.299 -6.638
0.0152 0.01508 10.04139 1.0088487864 2.4747493267    0.935  3.342  3.4990  0.015    3  0.000  0.459     0.00     0.00     0.00     0.00     0.00 -1 -2.78e-08      0.00 6.928e-01 2.921e-01 2.280e-03 1.142e-03 6.625e-03 -1.000 1.509e-02 -3.584 3.016 2.489 1.325 -0.782 -2.864 -5.478 -6.408 -6.756
0.0152 0.01508 10.04139 1.0088549852 2.4747505188    0.927  3.377  3.4942 -0.043    3  0.000  0.459     0.00     0.00     0.00     0.00     0.00 -1 -3.24e-08      0.00 6.928e-01 2.921e-01 2.280e-03 1.142e-03 6.625e-03 -1.000 1.509e-02 -3.673 3.020 2.634 1.498 -0.691 -2.807 -5.582 -6.516 -6.874
0.0152 0.01508 10.04139 1.0088598728 2.4747514725    0.921  3.404  3.4905 -0.087    3  0.000  0.459     0.00     0.00     0.00     0.00     0.00 -1 -3.64e-08      0.00 6.928e-01 2.921e-01 2.280e-03 1.142e-03 6.625e-03 -1.000 1.509e-02 -3.740 3.024 2.746 1.632 -0.619 -2.762 -5.660 -6.598 -6.963
0.0152 0.01508 10.04139 1.0088598728 2.4747514725    0.921  1.672  3.6672  2.351    4  0.000  0.473     0.00     0.00     0.00     0.00     0.00 -1    -1e-30      0.00 6.948e-01 2.901e-01 2.343e-03 1.058e-03 6.609e-03 -1.000 1.507e-02 0.589 3.107 2.090 1.011 0.385 -0.115 -0.852 -1.441 -1.524
0.0152 0.01508 10.04139 1.0089459419 2.4747691154    0.921  1.680  3.6667  2.341    4  0.000  0.473     0.00     0.00     0.00     0.00     0.00 -1    -1e-30      0.00 6.948e-01 2.901e-01 2.343e-03 1.058e-03 6.609e-03 -1.000 1.507e-02 0.570 3.102 2.077 0.995 0.367 -0.135 -0.873 -1.464 -1.547
0.0152 0.01508 10.04139 1.0090245008 2.4747853279    0.921  1.683  3.6666  2.337    4  0.000  0.473     0.00     0.00     0.00     0.00     0.00 -1    -1e-30      0.00 6.948e-01 2.901e-01 2.343e-03 1.058e-03 6.609e-03 -1.000 1.507e-02 0.561 3.098 2.070 0.987 0.359 -0.143 -0.882 -1.473 -1.557
0.0152 0.01508 10.04139 1.0091041327 2.4748015404    0.921  1.683  3.6668  2.339    4  0.000  0.473     0.00     0.00     0.00     0.00     0.00 -1    -1e-30      0.00 6.948e-01 2.901e-01 2.343e-03 1.058e-03 6.609e-03 -1.000 1.507e-02 0.563 3.093 2.069 0.987 0.359 -0.142 -0.880 -1.470 -1.554
0.0152 0.01508 10.04139 1.0091856718 2.4748182297    0.921  1.681  3.6673  2.343    4  0.000  0.473     0.00     0.00     0.00     0.00     0.00 -1    -1e-30      0.00 6.948e-01 2.901e-01 2.343e-03 1.058e-03 6.609e-03 -1.000 1.507e-02 0.568 3.087 2.069 0.989 0.363 -0.136 -0.873 -1.462 -1.545
0.0152 0.01508 10.04139 1.0092655420 2.4748346806    0.921  1.678  3.6678  2.348    4  0.000  0.473     0.00     0.00     0.00     0.00     0.00 -1    -1e-30      0.00 6.948e-01 2.901e-01 2.343e-03 1.058e-03 6.609e-03 -1.000 1.507e-02 0.575 3.081 2.070 0.993 0.369 -0.130 -0.864 -1.452 -1.535
0.0152 0.01508 10.04139 1.0093493462 2.4748518467    0.921  1.675  3.6684  2.353    4  0.000  0.473     0.00     0.00     0.00     0.00     0.00 -1    -1e-30      0.00 6.948e-01 2.901e-01 2.343e-03 1.058e-03 6.609e-03 -1.000 1.507e-02 0.583 3.075 2.071 0.997 0.375 -0.122 -0.855 -1.441 -1.523
0.0152 0.01508 10.04139 1.0094282627 2.4748680592    0.922  1.672  3.6689  2.358    4  0.000  0.473     0.00     0.00     0.00     0.00     0.00 -1    -1e-30      0.00 6.948e-01 2.901e-01 2.343e-03 1.058e-03 6.609e-03 -1.000 1.507e-02 0.590 3.069 2.072 1.001 0.381 -0.116 -0.846 -1.430 -1.512
0.0152 0.01508 10.04139 1.0095108747 2.4748849869    0.922  1.669  3.6694  2.363    4  0.000  0.473     0.00     0.00     0.00     0.00     0.00 -1    -1e-30      0.00 6.948e-01 2.901e-01 2.343e-03 1.058e-03 6.609e-03 -1.000 1.507e-02 0.598 3.063 2.073 1.005 0.386 -0.109 -0.837 -1.419 -1.501
0.0152 0.01508 10.04139 1.0095939636 2.4749019146    0.922  1.666  3.6699  2.368    4  0.000  0.473     0.00     0.00     0.00     0.00     0.00 -1    -1e-30      0.00 6.948e-01 2.901e-01 2.343e-03 1.058e-03 6.609e-03 -1.000 1.507e-02 0.605 3.057 2.073 1.008 0.392 -0.102 -0.829 -1.410 -1.491
0.0152 0.01508 10.04139 1.0096729994 2.4749181271    0.922  1.664  3.6704  2.372    4  0.000  0.473     0.00     0.00     0.00     0.00     0.00 -1    -1e-30      0.00 6.948e-01 2.901e-01 2.343e-03 1.058e-03 6.609e-03 -1.000 1.507e-02 0.610 3.052 2.074 1.011 0.396 -0.097 -0.821 -1.401 -1.482
0.0152 0.01508 10.04139 1.0097514391 2.4749341011    0.922  1.662  3.6707  2.376    4  0.000  0.473     0.00     0.00     0.00     0.00     0.00 -1    -1e-30      0.00 6.948e-01 2.901e-01 2.343e-03 1.058e-03 6.609e-03 -1.000 1.507e-02 0.615 3.048 2.075 1.014 0.400 -0.092 -0.815 -1.394 -1.475
0.0152 0.01508 10.04139 1.0098366737 2.4749517441    0.922  1.660  3.6711  2.379    4  0.000  0.473     0.00     0.00     0.00     0.00     0.00 -1    -1e-30      0.00 6.948e-01 2.901e-01 2.343e-03 1.058e-03 6.609e-03 -1.000 1.507e-02 0.620 3.043 2.075 1.016 0.404 -0.088 -0.810 -1.387 -1.468
0.0152 0.01508 10.04139 1.0099219084 2.4749691486    0.922  1.658  3.6715  2.382    4  0.000  0.473     0.00     0.00     0.00     0.00     0.00 -1    -1e-30      0.00 6.948e-01 2.901e-01 2.343e-03 1.058e-03 6.609e-03 -1.000 1.507e-02 0.624 3.039 2.075 1.018 0.407 -0.084 -0.805 -1.381 -1.462
0.0152 0.01508 10.04139 1.0099695921 2.4749789238    0.922  1.658  3.6716  2.384    4  0.000  0.473     0.00     0.00     0.00     0.00     0.00 -1    -1e-30      0.00 6.948e-01 2.901e-01 2.343e-03 1.058e-03 6.609e-03 -1.000 1.507e-02 0.626 3.037 2.075 1.019 0.408 -0.082 -0.802 -1.378 -1.459
0.0152 0.01508 10.04139 1.0099962950 2.4749844074    0.922  1.657  3.6717  2.384    4  0.000  0.473     0.00     0.00     0.00     0.00     0.00 -1    -1e-30      0.00 6.948e-01 2.901e-01 2.343e-03 1.058e-03 6.609e-03 -1.000 1.507e-02 0.627 3.036 2.075 1.020 0.409 -0.081 -0.801 -1.376 -1.457
0.0152 0.01508 10.04139 1.0100790262 2.4750010967    0.922  1.656  3.6720  2.387    4  0.000  0.473     0.00     0.00     0.00     0.00     0.00 -1    -1e-30      0.00 6.948e-01 2.901e-01 2.343e-03 1.058e-03 6.609e-03 -1.000 1.507e-02 0.629 3.032 2.075 1.021 0.411 -0.079 -0.797 -1.372 -1.453
0.0152 0.01508 10.04139 1.0101593733 2.4750175476    0.922  1.655  3.6722  2.388    4  0.000  0.473     0.00     0.00     0.00     0.00     0.00 -1    -1e-30      0.00 6.948e-01 2.901e-01 2.343e-03 1.058e-03 6.609e-03 -1.000 1.507e-02 0.631 3.029 2.074 1.021 0.412 -0.077 -0.795 -1.369 -1.449
0.0152 0.01508 10.04139 1.0102363825 2.4750332832    0.922  1.655  3.6723  2.389    4  0.000  0.473     0.00     0.00     0.00     0.00     0.00 -1    -1e-30      0.00 6.948e-01 2.901e-01 2.343e-03 1.058e-03 6.609e-03 -1.000 1.507e-02 0.632 3.026 2.074 1.021 0.413 -0.076 -0.793 -1.367 -1.447
0.0152 0.01508 10.04139 1.0103192329 2.4750504494    0.923  1.655  3.6725  2.390    4  0.000  0.473     0.00     0.00     0.00     0.00     0.00 -1    -1e-30      0.00 6.948e-01 2.901e-01 2.343e-03 1.058e-03 6.609e-03 -1.000 1.507e-02 0.633 3.024 2.073 1.021 0.413 -0.076 -0.792 -1.366 -1.446
0.0152 0.01508 10.04139 1.0103975534 2.4750664234    0.923  1.655  3.6726  2.390    4  0.000  0.473     0.00     0.00     0.00     0.00     0.00 -1    -1e-30      0.00 6.948e-01 2.901e-01 2.343e-03 1.058e-03 6.609e-03 -1.000 1.507e-02 0.632 3.022 2.071 1.020 0.412 -0.077 -0.793 -1.366 -1.446
0.0152 0.01508 10.04139 1.0104779005 2.4750828743    0.923  1.656  3.6726  2.390    4  0.000  0.473     0.00     0.00     0.00     0.00     0.00 -1    -1e-30      0.00 6.948e-01 2.901e-01 2.343e-03 1.058e-03 6.609e-03 -1.000 1.507e-02 0.630 3.020 2.069 1.018 0.410 -0.078 -0.795 -1.368 -1.448
0.0152 0.01508 10.04139 1.0105565786 2.4750988483    0.923  1.657  3.6725  2.388    4  0.000  0.473     0.00     0.00     0.00     0.00     0.00 -1    -1e-30      0.00 6.948e-01 2.901e-01 2.343e-03 1.058e-03 6.609e-03 -1.000 1.507e-02 0.628 3.018 2.067 1.016 0.407 -0.081 -0.797 -1.371 -1.451
0.0152 0.01508 10.04139 1.0105620623 2.4751000404    0.923  1.657  3.6725  2.388    4  0.000  0.473     0.00     0.00     0.00     0.00     0.00 -1    -1e-30      0.00 6.948e-01 2.901e-01 2.343e-03 1.058e-03 6.609e-03 -1.000 1.507e-02 0.627 3.018 2.067 1.015 0.407 -0.081 -0.798 -1.371 -1.451
0.0152 0.01508 10.04139 1.0105925798 2.4751062393    0.923  1.658  3.6725  2.387    4  0.000  0.473     0.00     0.00     0.00     0.00     0.00 -1    -1e-30      0.00 6.948e-01 2.901e-01 2.343e-03 1.058e-03 6.609e-03 -1.000 1.507e-02 0.626 3.017 2.066 1.014 0.406 -0.083 -0.799 -1.373 -1.453
0.0152 0.01508 10.04139 1.0106750727 2.4751231670    0.923  1.660  3.6724  2.385    4  0.000  0.473     0.00     0.00     0.00     0.00     0.00 -1    -1e-30      0.00 6.948e-01 2.901e-01 2.343e-03 1.058e-03 6.609e-03 -1.000 1.507e-02 0.621 3.016 2.063 1.010 0.401 -0.087 -0.805 -1.378 -1.458
0.0152 0.01508 10.04139 1.0107589960 2.4751400948    0.923  1.662  3.6721  2.382    4  0.000  0.473     0.00     0.00     0.00     0.00     0.00 -1    -1e-30      0.00 6.948e-01 2.901e-01 2.343e-03 1.058e-03 6.609e-03 -1.000 1.507e-02 0.615 3.015 2.059 1.005 0.395 -0.094 -0.812 -1.386 -1.466
0.0152 0.01508 10.04139 1.0108379126 2.4751563072    0.923  1.665  3.6719  2.377    4  0.000  0.473     0.00     0.00     0.00     0.00     0.00 -1    -1e-30      0.00 6.948e-01 2.901e-01 2.343e-03 1.058e-03 6.609e-03 -1.000 1.507e-02 0.607 3.014 2.054 0.998 0.388 -0.102 -0.821 -1.396 -1.476
0.0152 0.01508 10.04139 1.0109168291 2.4751725197    0.923  1.669  3.6715  2.372    4  0.000  0.473     0.00     0.00     0.00     0.00     0.00 -1    -1e-30      0.00 6.948e-01 2.901e-01 2.343e-03 1.058e-03 6.609e-03 -1.000 1.507e-02 0.597 3.013 2.049 0.991 0.380 -0.111 -0.831 -1.407 -1.488
0.0152 0.01508 10.04139 1.0109962225 2.4751887321    0.923  1.674  3.6711  2.366    4  0.000  0.473     0.00     0.00     0.00     0.00     0.00 -1    -1e-30      0.00 6.948e-01 2.901e-01 2.343e-03 1.058e-03 6.609e-03 -1.000 1.507e-02 0.585 3.013 2.042 0.982 0.369 -0.122 -0.844 -1.422 -1.502
0.0152 0.01508 10.04139 1.0110760927 2.4752049446    0.923  1.679  3.6705  2.358    4  0.000  0.473     0.00     0.00     0.00     0.00     0.00 -1    -1e-30      0.00 6.948e-01 2.901e-01 2.343e-03 1.058e-03 6.609e-03 -1.000 1.507e-02 0.571 3.013 2.034 0.971 0.356 -0.136 -0.860 -1.439 -1.520
0.0152 0.01508 10.04139 1.0111569166 2.4752213955    0.924  1.686  3.6699  2.349    4  0.000  0.473     0.00     0.00     0.00     0.00     0.00 -1    -1e-30      0.00 6.948e-01 2.901e-01 2.343e-03 1.058e-03 6.609e-03 -1.000 1.507e-02 0.555 3.013 2.026 0.959 0.342 -0.152 -0.878 -1.459 -1.541
0.0152 0.01508 10.04139 1.0112371445 2.4752378464    0.924  1.693  3.6692  2.339    4  0.000  0.473     0.00     0.00     0.00     0.00     0.00 -1    -1e-30      0.00 6.948e-01 2.901e-01 2.343e-03 1.058e-03 6.609e-03 -1.000 1.507e-02 0.537 3.013 2.016 0.945 0.326 -0.170 -0.899 -1.482 -1.564
0.0152 0.01508 10.04139 1.0113188028 2.4752545357    0.924  1.698  3.6687  2.333    4  0.000  0.473     0.00     0.00     0.00     0.00     0.00 -1    -1e-30      0.00 6.948e-01 2.901e-01 2.343e-03 1.058e-03 6.609e-03 -1.000 1.507e-02 0.526 3.014 2.011 0.937 0.316 -0.181 -0.912 -1.496 -1.578
0.0152 0.01508 10.04139 1.0113983154 2.4752707481    0.924  1.709  3.6677  2.317    4  0.000  0.473     0.00     0.00     0.00     0.00     0.00 -1    -1e-30      0.00 6.948e-01 2.901e-01 2.343e-03 1.058e-03 6.609e-03 -1.000 1.507e-02 0.498 3.014 1.996 0.916 0.291 -0.208 -0.942 -1.530 -1.613
0.0152 0.01508 10.04139 1.0114808083 2.4752874374    0.924  1.735  3.6652  2.282    4  0.000  0.473     0.00     0.00     0.00     0.00     0.00 -1    -1e-30      0.00 6.948e-01 2.901e-01 2.343e-03 1.058e-03 6.609e-03 -1.000 1.507e-02 0.433 3.014 1.962 0.867 0.234 -0.270 -1.015 -1.609 -1.693
0.0152 0.01508 10.04139 1.0115436316 2.4753003120    0.924  1.773  3.6617  2.229    4  0.000  0.473     0.00     0.00     0.00     0.00     0.00 -1    -1e-30      0.00 6.948e-01 2.901e-01 2.343e-03 1.058e-03 6.609e-03 -1.000 1.507e-02 0.338 3.014 1.911 0.795 0.150 -0.363 -1.121 -1.726 -1.813
0.0152 0.01508 10.04139 1.0115749836 2.4753067493    0.924  1.811  3.6581  2.177    4  0.000  0.473     0.00     0.00     0.00     0.00     0.00 -1    -1e-30      0.00 6.948e-01 2.901e-01 2.343e-03 1.058e-03 6.609e-03 -1.000 1.507e-02 0.243 3.018 1.864 0.726 0.067 -0.454 -1.226 -1.842 -1.931
0.0152 0.01508 10.04139 1.0115922689 2.4753103256    0.924  1.851  3.6544  2.123    4  0.000  0.473     0.00     0.00     0.00     0.00     0.00 -1    -1e-30      0.00 6.948e-01 2.901e-01 2.343e-03 1.058e-03 6.609e-03 -1.000 1.507e-02 0.143 3.022 1.813 0.653 -0.019 -0.549 -1.336 -1.963 -2.055
0.0152 0.01508 10.04139 1.0116014481 2.4753119946    0.924  1.890  3.6508  2.069    4  0.000  0.473     0.00     0.00     0.00     0.00     0.00 -1    -1e-30      0.00 6.948e-01 2.901e-01 2.343e-03 1.058e-03 6.609e-03 -1.000 1.507e-02 0.046 3.027 1.765 0.582 -0.104 -0.643 -1.444 -2.082 -2.176
0.0152 0.01508 10.04139 1.0116062164 2.4753131866    0.924  1.928  3.6473  2.016    4  0.000  0.473     0.00     0.00     0.00     0.00     0.00 -1    -1e-30      0.00 6.948e-01 2.901e-01 2.343e-03 1.058e-03 6.609e-03 -1.000 1.507e-02 -0.051 3.034 1.718 0.513 -0.187 -0.735 -1.551 -2.199 -2.296
0.0152 0.01508 10.04139 1.0116090775 2.4753136635    0.924  1.967  3.6438  1.964    4  0.000  0.473     0.00     0.00     0.00     0.00     0.00 -1    -1e-30      0.00 6.948e-01 2.901e-01 2.343e-03 1.058e-03 6.609e-03 -1.000 1.507e-02 -0.148 3.027 1.672 0.443 -0.269 -0.826 -1.656 -2.312 -2.413
0.0152 0.01508 10.04139 1.0116109848 2.4753141403    0.924  2.006  3.6403  1.911    4  0.000  0.473     0.00     0.00     0.00     0.00     0.00 -1    -1e-30      0.00 6.948e-01 2.901e-01 2.343e-03 1.058e-03 6.609e-03 -1.000 1.507e-02 -0.245 3.009 1.626 0.371 -0.350 -0.916 -1.760 -2.422 -2.528
0.0152 0.01508 10.04139 1.0116119385 2.4753141403    0.924  2.033  3.6379  1.874    4  0.000  0.473     0.00     0.00     0.00     0.00     0.00 -1    -1e-30      0.00 6.948e-01 2.901e-01 2.343e-03 1.058e-03 6.609e-03 -1.000 1.507e-02 -0.313 2.995 1.593 0.321 -0.407 -0.980 -1.834 -2.500 -2.610
0.0152 0.01508 10.04139 1.0116120577 2.4753141403    0.924  2.034  3.6378  1.873    7  0.000  0.473     0.00     0.00     0.00     0.00     0.00 -1    -1e-30      0.00 6.948e-01 2.901e-01 2.343e-03 1.058e-03 6.609e-03 -1.000 1.507e-02 -0.315 2.995 1.592 0.319 -0.408 -0.981 -1.835 -2.502 -2.612
0.0152 0.01508 10.04139 1.0116122961 2.4753143787    0.924  2.044  3.6370  1.860    7  0.000  0.473     0.00     0.00     0.00     0.00     0.00 -1    -1e-30      0.00 6.948e-01 2.901e-01 2.343e-03 1.058e-03 6.609e-03 -1.000 1.507e-02 -0.340 2.989 1.581 0.301 -0.429 -1.004 -1.862 -2.530 -2.641
0.0152 0.01508 10.04139 1.0116138458 2.4753146172    0.924  2.092  3.6328  1.795    7  0.000  0.473     0.00     0.00     0.00     0.00     0.00 -1    -1e-30      0.00 6.948e-01 2.901e-01 2.343e-03 1.058e-03 6.609e-03 -1.000 1.507e-02 -0.460 2.961 1.522 0.213 -0.528 -1.114 -1.990 -2.666 -2.784
0.0152 0.01508 10.04139 1.0116151571 2.4753148556    0.924  2.133  3.6292  1.740    7  0.000  0.473     0.00     0.00     0.00     0.00     0.00 -1    -1e-30      0.00 6.948e-01 2.901e-01 2.343e-03 1.058e-03 6.609e-03 -1.000 1.507e-02 -0.562 2.933 1.471 0.139 -0.611 -1.207 -2.099 -2.780 -2.904
0.0152 0.01508 10.04139 1.0116187334 2.4753155708    0.924  2.161  3.6268  1.702    7  0.000  0.473     0.00     0.00     0.00     0.00     0.00 -1    -1e-30      0.00 6.948e-01 2.901e-01 2.343e-03 1.058e-03 6.609e-03 -1.000 1.507e-02 -0.632 2.911 1.435 0.088 -0.667 -1.271 -2.173 -2.859 -2.987
0.0152 0.01508 10.04139 1.0116223097 2.4753162861    0.924  2.128  3.6298  1.747    7  0.000  0.473     0.00     0.00     0.00     0.00     0.00 -1    -1e-30      0.00 6.948e-01 2.901e-01 2.343e-03 1.058e-03 6.609e-03 -1.000 1.507e-02 -0.549 2.935 1.476 0.147 -0.602 -1.196 -2.085 -2.766 -2.889
0.0152 0.01508 10.04139 1.0116544962 2.4753229618    0.924  2.086  3.6333  1.803    7  0.000  0.473     0.00     0.00     0.00     0.00     0.00 -1 -5.26e-19      0.00 6.948e-01 2.894e-01 2.343e-03 1.058e-03 6.609e-03 -1.000 1.583e-02 -0.446 2.963 1.528 0.223 -0.516 -1.101 -1.975 -2.649 -2.766
0.0152 0.01508 10.04139 1.0117083788 2.4753339291    0.923  2.123  3.6300  1.752    7  0.000  0.473     0.00     0.00     0.00     0.00     0.00 -1 -8.34e-10      0.00 6.948e-01 2.888e-01 2.343e-03 1.058e-03 6.609e-03 -1.000 1.643e-02 -0.538 2.942 1.484 0.157 -0.591 -1.185 -2.073 -2.753 -2.875
0.0152 0.01508 10.04139 1.0117398500 2.4753403664    0.922  2.162  3.6266  1.699    7  0.000  0.473     0.00     0.00     0.00     0.00     0.00 -1 -1.03e-09      0.00 6.948e-01 2.888e-01 2.343e-03 1.058e-03 6.609e-03 -1.000 1.643e-02 -0.634 2.914 1.437 0.088 -0.668 -1.273 -2.176 -2.862 -2.991
0.0152 0.01508 10.04139 1.0117691755 2.4753463268    0.920  2.201  3.6231  1.645    7  0.000  0.473     0.00     0.00     0.00     0.00     0.00 -1 -1.26e-09      0.00 6.948e-01 2.888e-01 2.343e-03 1.058e-03 6.609e-03 -1.000 1.643e-02 -0.734 2.882 1.387 0.017 -0.747 -1.362 -2.281 -2.974 -3.109
0.0152 0.01508 10.04139 1.0117951632 2.4753515720    0.919  2.242  3.6195  1.589    7  0.000  0.473     0.00     0.00     0.00     0.00     0.00 -1 -1.55e-09      0.00 6.948e-01 2.888e-01 2.343e-03 1.058e-03 6.609e-03 -1.000 1.643e-02 -0.836 2.848 1.334 -0.056 -0.828 -1.454 -2.389 -3.088 -3.230
0.0152 0.01508 10.04139 1.0118175745 2.4753561020    0.918  2.283  3.6160  1.533    7  0.000  0.473     0.00     0.00     0.00     0.00     0.00 -1 -1.92e-09      0.00 6.948e-01 2.888e-01 2.343e-03 1.058e-03 6.609e-03 -1.000 1.643e-02 -0.938 2.812 1.283 -0.126 -0.907 -1.545 -2.497 -3.202 -3.351
0.0152 0.01508 10.04139 1.0118372440 2.4753601551    0.916  2.324  3.6124  1.477    7  0.000  0.473     0.00     0.00     0.00     0.00     0.00 -1 -2.37e-09      0.00 6.948e-01 2.888e-01 2.343e-03 1.058e-03 6.609e-03 -1.000 1.643e-02 -1.041 2.795 1.235 -0.193 -0.986 -1.637 -2.606 -3.320 -3.475
0.0152 0.01508 10.04139 1.0118546486 2.4753637314    0.914  2.366  3.6087  1.420    7  0.000  0.473     0.00     0.00     0.00     0.00     0.00 -1 -2.92e-09      0.00 6.948e-01 2.888e-01 2.343e-03 1.058e-03 6.609e-03 -1.000 1.643e-02 -1.145 2.808 1.194 -0.256 -1.063 -1.732 -2.718 -3.443 -3.603
0.0152 0.01508 10.04139 1.0118701458 2.4753668308    0.913  2.407  3.6050  1.363    7  0.000  0.473     0.00     0.00     0.00     0.00     0.00 -1 -3.62e-09      0.00 6.948e-01 2.888e-01 2.343e-03 1.058e-03 6.609e-03 -1.000 1.643e-02 -1.249 2.819 1.154 -0.316 -1.139 -1.826 -2.831 -3.565 -3.731
0.0152 0.01508 10.04139 1.0118838549 2.4753696918    0.910  2.449  3.6013  1.306    7  0.000  0.473     0.00     0.00     0.00     0.00     0.00 -1 -4.45e-09      0.00 6.948e-01 2.888e-01 2.343e-03 1.059e-03 6.609e-03 -1.000 1.643e-02 -1.352 2.833 1.117 -0.374 -1.213 -1.919 -2.942 -3.687 -3.858
0.0152 0.01508 10.04139 1.0118963718 2.4753723145    0.908  2.489  3.5976  1.249    7  0.000  0.473     0.00     0.00     0.00     0.00     0.00 -1 -5.45e-09      0.00 6.948e-01 2.888e-01 2.343e-03 1.059e-03 6.609e-03 -1.000 1.643e-02 -1.454 2.844 1.082 -0.426 -1.281 -2.011 -3.053 -3.808 -3.985
0.0152 0.01508 10.04139 1.0119079351 2.4753744602    0.906  2.530  3.5937  1.192    7  0.000  0.473     0.00     0.00     0.00     0.00     0.00 -1  -6.7e-09      0.00 6.948e-01 2.888e-01 2.342e-03 1.059e-03 6.609e-03 -1.000 1.643e-02 -1.555 2.857 1.053 -0.473 -1.345 -2.101 -3.163 -3.929 -4.111
0.0152 0.01508 10.04139 1.0119189024 2.4753768444    0.903  2.570  3.5893  1.132    7  0.000  0.472     0.00     0.00     0.00     0.00     0.00 -1 -8.23e-09      0.00 6.948e-01 2.888e-01 2.340e-03 1.060e-03 6.609e-03 -1.000 1.642e-02 -1.655 2.883 1.035 -0.510 -1.402 -2.188 -3.273 -4.052 -4.241
0.0152 0.01508 10.04139 1.0119292736 2.4753789902    0.899  2.611  3.5821  1.062    7  0.000  0.472     0.00     0.00     0.00     0.00     0.00 -1    -1e-08      0.00 6.948e-01 2.888e-01 2.337e-03 1.062e-03 6.609e-03 -1.000 1.638e-02 -1.757 2.960 1.071 -0.492 -1.418 -2.266 -3.391 -4.189 -4.388
0.0152 0.01508 10.04139 1.0119392872 2.4753808975    0.895  2.651  3.5764  0.996    7  0.000  0.470     0.00     0.00     0.00     0.00     0.00 -1 -1.23e-08      0.00 6.948e-01 2.888e-01 2.331e-03 1.069e-03 6.609e-03 -1.000 1.637e-02 -1.858 2.998 1.089 -0.483 -1.439 -2.346 -3.506 -4.320 -4.527
0.0152 0.01508 10.04139 1.0119484663 2.4753828049    0.890  2.692  3.5722  0.936    7  0.000  0.469     0.00     0.00     0.00     0.00     0.00 -1 -1.51e-08      0.00 6.948e-01 2.888e-01 2.323e-03 1.077e-03 6.609e-03 -1.000 1.637e-02 -1.960 3.011 1.087 -0.493 -1.474 -2.431 -3.620 -4.443 -4.657
0.0152 0.01508 10.04139 1.0119570494 2.4753844738    0.885  2.733  3.5677  0.874    7  0.000  0.467     0.00     0.00     0.00     0.00     0.00 -1 -1.86e-08      0.00 6.948e-01 2.888e-01 2.314e-03 1.088e-03 6.609e-03 -1.000 1.637e-02 -2.063 3.023 1.094 -0.489 -1.499 -2.515 -3.736 -4.569 -4.790
0.0152 0.01508 10.04139 1.0119645596 2.4753861427    0.879  2.778  3.5629  0.808    7  0.000  0.465     0.00     0.00     0.00     0.00     0.00 -1 -2.32e-08      0.00 6.948e-01 2.888e-01 2.306e-03 1.097e-03 6.609e-03 -1.000 1.637e-02 -2.174 3.034 1.112 -0.469 -1.515 -2.601 -3.862 -4.705 -4.934
0.0152 0.01508 10.04139 1.0119698048 2.4753870964    0.874  2.822  3.5578  0.741    7  0.000  0.464     0.00     0.00     0.00     0.00     0.00 -1 -2.87e-08      0.00 6.948e-01 2.888e-01 2.299e-03 1.106e-03 6.609e-03 -1.000 1.637e-02 -2.284 3.045 1.144 -0.431 -1.518 -2.682 -3.987 -4.840 -5.077
0.0152 0.01508 10.04139 1.0119733810 2.4753878117    0.870  2.863  3.5531  0.679    7  0.000  0.463     0.00     0.00     0.00     0.00     0.00 -1 -3.48e-08      0.00 6.948e-01 2.888e-01 2.293e-03 1.113e-03 6.609e-03 -1.000 1.637e-02 -2.386 3.054 1.189 -0.375 -1.507 -2.752 -4.103 -4.965 -5.210
0.0152 0.01508 10.04139 1.0119765997 2.4753885269    0.865  2.903  3.5482  0.617    7  0.000  0.462     0.00     0.00     0.00     0.00     0.00 -1 -4.23e-08      0.00 6.948e-01 2.888e-01 2.288e-03 1.119e-03 6.609e-03 -1.000 1.637e-02 -2.488 3.064 1.246 -0.303 -1.486 -2.814 -4.219 -5.091 -5.344
0.0152 0.01508 10.04139 1.0119793415 2.4753890038    0.860  2.943  3.5433  0.554    7  0.000  0.461     0.00     0.00     0.00     0.00     0.00 -1 -5.12e-08      0.00 6.948e-01 2.888e-01 2.284e-03 1.124e-03 6.609e-03 -1.000 1.635e-02 -2.588 3.075 1.323 -0.205 -1.448 -2.865 -4.336 -5.215 -5.477
0.0152 0.01508 10.04139 1.0119819641 2.4753897190    0.855  2.981  3.5384  0.494    7  0.000  0.460     0.00     0.00     0.00     0.00     0.00 -1 -6.14e-08      0.00 6.948e-01 2.888e-01 2.281e-03 1.128e-03 6.609e-03 -1.000 1.635e-02 -2.683 3.087 1.410 -0.093 -1.401 -2.906 -4.447 -5.334 -5.604
0.0152 0.01508 10.04139 1.0119843483 2.4753901958    0.849  3.017  3.5336  0.436    7  0.000  0.460     0.00     0.00     0.00     0.00     0.00 -1  -7.3e-08      0.00 6.948e-01 2.889e-01 2.280e-03 1.130e-03 6.609e-03 -1.000 1.633e-02 -2.772 3.102 1.523 0.048 -1.335 -2.928 -4.552 -5.445 -5.724
0.0152 0.01508 10.04139 1.0119867325 2.4753906727    0.842  3.052  3.5287  0.378    7  0.000  0.460     0.00     0.00     0.00     0.00     0.00 -1 -8.67e-08      0.00 6.948e-01 2.889e-01 2.279e-03 1.131e-03 6.609e-03 -1.000 1.636e-02 -2.861 3.119 1.649 0.205 -1.261 -2.940 -4.658 -5.557 -5.845
0.0152 0.01508 10.04139 1.0119892359 2.4753911495    0.832  3.088  3.5235  0.316    7  0.000  0.460     0.00     0.00     0.00     0.00     0.00 -1 -1.05e-07      0.00 6.948e-01 2.889e-01 2.279e-03 1.131e-03 6.609e-03 -1.000 1.636e-02 -2.951 3.139 1.815 0.411 -1.159 -2.923 -4.766 -5.671 -5.970
0.0152 0.01508 10.04139 1.0119918585 2.4753916264    0.821  3.123  3.5183  0.254    7  0.000  0.460     0.00     0.00     0.00     0.00     0.00 -1 -1.26e-07      0.00 6.948e-01 2.889e-01 2.279e-03 1.131e-03 6.609e-03 -1.000 1.636e-02 -3.038 3.164 1.998 0.638 -1.042 -2.888 -4.870 -5.781 -6.091
0.0152 0.01508 10.04139 1.0119947195 2.4753923416    0.806  3.157  3.5130  0.192    7  0.000  0.460     0.00     0.00     0.00     0.00     0.00 -1 -1.53e-07      0.00 6.948e-01 2.889e-01 2.279e-03 1.131e-03 6.609e-03 -1.000 1.636e-02 -3.122 3.195 2.217 0.917 -0.892 -2.816 -4.970 -5.887 -6.208
0.0152 0.01508 10.04139 1.0119976997 2.4753928185    0.786  3.197  3.5065  0.115    7  0.000  0.460     0.00     0.00     0.00     0.00     0.00 -1 -1.93e-07      0.00 6.948e-01 2.889e-01 2.279e-03 1.131e-03 6.609e-03 -1.000 1.636e-02 -3.222 3.228 2.463 1.230 -0.723 -2.728 -5.092 -6.014 -6.348
0.0152 0.01508 10.04139 1.0119994879 2.4753932953    0.771  3.235  3.4998  0.042    7  0.000  0.460     0.00     0.00     0.00     0.00     0.00 -1 -2.38e-07      0.00 6.948e-01 2.889e-01 2.279e-03 1.131e-03 6.609e-03 -1.000 1.636e-02 -3.317 3.265 2.713 1.544 -0.547 -2.623 -5.207 -6.136 -6.484
0.0152 0.01508 10.04139 1.0119999647 2.4753932953    0.765  3.295  3.4903 -0.060    7  0.000  0.460     0.00     0.00     0.00     0.00     0.00 -1 -3.11e-07      0.00 6.948e-01 2.889e-01 2.279e-03 1.131e-03 6.609e-03 -1.000 1.636e-02 -3.469 3.292 3.016 1.905 -0.344 -2.487 -5.386 -6.327 -6.692
0.0152 0.01508 10.04139 1.0120000839 2.4753932953    0.764  3.296  3.4900 -0.063    7  0.000  0.460     0.00     0.00     0.00     0.00     0.00 -1 -3.12e-07      0.00 6.948e-01 2.889e-01 2.279e-03 1.131e-03 6.609e-03 -1.000 1.636e-02 -3.471 3.296 3.029 1.921 -0.334 -2.479 -5.390 -6.330 -6.697
0.0152 0.01508 10.04139 1.0120002031 2.4753932953    0.763  3.315  3.4873 -0.093    7  0.000  0.460     0.00     0.00     0.00     0.00     0.00 -1 -3.38e-07      0.00 6.948e-01 2.889e-01 2.279e-03 1.131e-03 6.609e-03 -1.000 1.636e-02 -3.517 3.297 3.077 1.955 -0.315 -2.466 -5.444 -6.387 -6.758
0.0152 0.01508 10.04139 1.0120003223 2.4753932953    0.760  3.316  3.4866 -0.099    7  0.000  0.460     0.00     0.00     0.00     0.00     0.00 -1 -3.45e-07      0.00 6.948e-01 2.889e-01 2.279e-03 1.131e-03 6.609e-03 -1.000 1.636e-02 -3.521 3.304 3.096 1.971 -0.303 -2.455 -5.449 -6.393 -6.765
0.0152 0.01508 10.04139 1.0120005608 2.4753935337    0.758  3.336  3.4834 -0.133    7  0.000  0.460     0.00     0.00     0.00     0.00     0.00 -1 -3.77e-07      0.01 6.948e-01 2.889e-01 2.279e-03 1.131e-03 6.609e-03 -1.000 1.636e-02 -3.571 3.310 3.158 2.015 -0.276 -2.435 -5.509 -6.455 -6.832
0.0152 0.01508 10.04139 1.0120006800 2.4753935337    0.755  3.357  3.4800 -0.169    7  0.000  0.460     0.00     0.00     0.00     0.00     0.00 -1 -4.14e-07      0.01 6.948e-01 2.889e-01 2.279e-03 1.131e-03 6.609e-03 -1.000 1.636e-02 -3.623 3.319 3.225 2.063 -0.246 -2.411 -5.570 -6.519 -6.903
0.0152 0.01508 10.04139 1.0120009184 2.4753935337    0.752  3.374  3.4773 -0.199    7  0.000  0.460     0.00     0.00     0.00     0.00     0.00 -1 -4.47e-07      0.01 6.948e-01 2.889e-01 2.279e-03 1.131e-03 6.609e-03 -1.000 1.636e-02 -3.664 3.325 3.267 2.090 -0.231 -2.404 -5.618 -6.569 -6.957
0.0152 0.01508 10.04139 1.0120011568 2.4753935337    0.746  3.395  3.4736 -0.238    7  0.522  0.460     0.00     0.00     0.00     0.00     0.00 -1 -4.96e-07      0.01 6.948e-01 2.889e-01 2.279e-03 1.131e-03 6.609e-03 -1.000 1.636e-02 -3.717 3.334 3.324 2.126 -0.210 -2.393 -5.681 -6.634 -7.028
0.0152 0.01508 10.04139 1.0120015144 2.4753935337    0.738  3.413  3.4704 -0.273    7  0.521  0.460     0.00     0.00     0.00     0.00     0.00 -1 -5.46e-07      0.01 6.948e-01 2.889e-01 2.279e-03 1.131e-03 6.609e-03 -1.000 1.636e-02 -3.763 3.346 3.379 2.160 -0.188 -2.379 -5.735 -6.691 -7.089
0.0152 0.01508 10.04139 1.0120018721 2.4753937721    0.731  3.426  3.4680 -0.300    8  0.521  0.481   335.46   135.17    82.94    67.41    54.93  0 -5.94e-07      0.01 6.948e-01 2.902e-01 2.391e-03 1.133e-03 6.624e-03 -1.000 1.506e-02 -3.795 3.356 3.415 2.184 -0.175 -2.374 -5.773 -6.729 -7.132
0.0152 0.01508 10.04139 1.0120018721 2.4753937721    0.729  3.148  3.5069  0.132    8  0.521  0.481   120.77    61.81    39.29    31.57    25.67  1 -1.97e-07      0.00 6.948e-01 2.902e-01 2.391e-03 1.133e-03 6.624e-03 -1.000 1.506e-02 -3.101 3.331 2.556 1.322 -0.620 -2.620 -4.969 -5.891 -6.224
0.0152 0.01508 10.04139 1.0120019913 2.4753937721    0.728  3.015  3.5273  0.347    8  0.521  0.481    74.34    41.90    27.10    21.65    17.59  1 -1.15e-07      0.00 6.948e-01 2.902e-01 2.391e-03 1.133e-03 6.624e-03 -1.000 1.506e-02 -2.766 3.256 1.817 0.379 -1.115 -2.818 -4.568 -5.468 -5.760
0.0152 0.01508 10.04139 1.0120021105 2.4753937721    0.725  2.858  3.5514  0.598    8  0.521  0.481    42.87    26.58    17.55    13.93    11.30  1 -6.01e-08      0.00 6.948e-01 2.902e-01 2.391e-03 1.133e-03 6.624e-03 -1.000 1.506e-02 -2.374 3.154 1.270 -0.305 -1.456 -2.728 -4.096 -4.960 -5.209
0.0152 0.01508 10.04139 1.0120022297 2.4753937721    0.721  2.886  3.5470  0.549    8  0.521  0.481    47.62    29.00    19.07    15.16    12.30  1 -6.93e-08      0.00 6.948e-01 2.902e-01 2.391e-03 1.133e-03 6.624e-03 -1.000 1.506e-02 -2.446 3.176 1.347 -0.210 -1.410 -2.760 -4.182 -5.054 -5.310
0.0152 0.01508 10.04139 1.0120024681 2.4753937721    0.715  3.018  3.5269  0.335    8  0.521  0.481    76.28    42.67    27.57    22.04    17.91  1 -1.23e-07      0.00 6.948e-01 2.902e-01 2.391e-03 1.133e-03 6.624e-03 -1.000 1.506e-02 -2.774 3.264 1.835 0.398 -1.106 -2.816 -4.577 -5.478 -5.770
0.0152 0.01508 10.04139 1.0120027065 2.4753937721    0.709  3.178  3.5024  0.073    8  0.521  0.481   138.14    68.36    43.22    34.82    28.32  1 -2.43e-07      0.00 6.948e-01 2.902e-01 2.391e-03 1.133e-03 6.624e-03 -1.000 1.506e-02 -3.174 3.356 2.718 1.523 -0.513 -2.561 -5.056 -5.982 -6.325
0.0152 0.01508 10.04139 1.0120030642 2.4753940105    0.701  3.307  3.4827 -0.140    8  0.522  0.481   227.30   100.16    62.24    50.44    41.05  0 -4.19e-07      0.01 6.948e-01 2.902e-01 2.391e-03 1.133e-03 6.624e-03 -1.000 1.506e-02 -3.497 3.404 3.262 2.114 -0.183 -2.343 -5.436 -6.383 -6.762
0.0152 0.01508 10.04139 1.0120034218 2.4753940105    0.692  3.387  3.4703 -0.276    8  0.522  0.481   314.52   127.63    78.42    63.81    51.96  0 -5.97e-07      0.01 6.948e-01 2.902e-01 2.391e-03 1.133e-03 6.624e-03 -1.000 1.506e-02 -3.699 3.427 3.457 2.235 -0.117 -2.310 -5.670 -6.626 -7.026
0.0152 0.01508 10.04139 1.0120038986 2.4753940105    0.682  3.428  3.4642 -0.347    8  0.522  0.481   373.25   144.56    88.30    72.02    58.66  0  -7.3e-07      0.02 6.948e-01 2.902e-01 2.391e-03 1.133e-03 6.624e-03 -1.000 1.506e-02 -3.799 3.445 3.537 2.279 -0.100 -2.313 -5.784 -6.744 -7.154
0.0152 0.01508 10.04139 1.0120043755 2.4753942490    0.671  3.444  3.4617 -0.380    8  0.523  0.481   404.33   152.89    93.12    76.06    61.95  0 -8.18e-07      0.02 6.948e-01 2.902e-01 2.391e-03 1.133e-03 6.624e-03 -1.000 1.506e-02 -3.840 3.468 3.582 2.304 -0.088 -2.311 -5.830 -6.792 -7.207
0.0152 0.01508 10.04139 1.0120048523 2.4753942490    0.659  3.451  3.4668 -0.375    8  0.523  0.481   398.22   150.69    91.80    75.02    61.09  0 -9.14e-07      0.03 6.948e-01 2.902e-01 2.391e-03 1.133e-03 6.624e-03 -1.000 1.506e-02 -3.858 3.457 3.497 2.222 -0.169 -2.383 -5.831 -6.792 -7.206
0.0152 0.01508 10.04139 1.0120048523 2.4753942490    0.659  3.232  3.4940 -0.047    8  0.523  0.481   181.28    83.31    52.13    42.23    34.34  1 -3.79e-07      0.01 6.948e-01 2.902e-01 2.391e-03 1.133e-03 6.624e-03 -1.000 1.506e-02 -3.310 3.420 3.029 1.887 -0.310 -2.431 -5.215 -6.152 -6.513
0.0152 0.01508 10.04139 1.0120048523 2.4753942490    0.658  3.048  3.5221  0.249    8  0.523  0.481    91.61    48.77    31.26    25.12    20.40  1 -1.81e-07      0.00 6.948e-01 2.902e-01 2.391e-03 1.133e-03 6.624e-03 -1.000 1.506e-02 -2.850 3.320 2.012 0.602 -1.002 -2.792 -4.670 -5.574 -5.878
0.0152 0.01508 10.04139 1.0120049715 2.4753942490    0.657  2.890  3.5462  0.502    8  0.523  0.481    52.15    30.84    20.18    16.11    13.07  1 -9.43e-08      0.00 6.948e-01 2.902e-01 2.391e-03 1.133e-03 6.624e-03 -1.000 1.506e-02 -2.456 3.214 1.374 -0.188 -1.400 -2.763 -4.195 -5.066 -5.326
0.0152 0.01508 10.04139 1.0120049715 2.4753942490    0.655  2.918  3.5418  0.455    8  0.523  0.481    57.77    33.54    21.86    17.47    14.18  1 -1.07e-07      0.00 6.948e-01 2.902e-01 2.391e-03 1.133e-03 6.624e-03 -1.000 1.506e-02 -2.526 3.239 1.466 -0.076 -1.344 -2.789 -4.279 -5.158 -5.425
0.0152 0.01508 10.04139 1.0120050907 2.4753942490    0.653  3.047  3.5215  0.244    8  0.523  0.481    92.52    49.08    31.44    25.28    20.53  1 -1.84e-07      0.00 6.948e-01 2.902e-01 2.391e-03 1.133e-03 6.624e-03 -1.000 1.506e-02 -2.847 3.333 2.041 0.635 -0.979 -2.779 -4.669 -5.574 -5.879
0.0152 0.01508 10.04139 1.0120050907 2.4753942490    0.650  3.204  3.4965 -0.015    8  0.523  0.481   167.98    78.35    49.14    39.79    32.35  1 -3.51e-07      0.01 6.948e-01 2.902e-01 2.391e-03 1.133e-03 6.624e-03 -1.000 1.506e-02 -3.240 3.437 2.975 1.820 -0.334 -2.437 -5.138 -6.072 -6.428
0.0152 0.01508 10.04139 1.0120052099 2.4753942490    0.647  3.331  3.4758 -0.227    8  0.523  0.481   277.47   114.74    70.73    57.61    46.88  0 -5.85e-07      0.01 6.948e-01 2.902e-01 2.391e-03 1.133e-03 6.624e-03 -1.000 1.506e-02 -3.557 3.496 3.448 2.253 -0.082 -2.261 -5.512 -6.465 -6.858
0.0152 0.01508 10.04139 1.0120053291 2.4753944874    0.643  3.410  3.4624 -0.362    8  0.523  0.481   384.85   146.24    89.16    72.90    59.35  0 -8.06e-07      0.02 6.948e-01 2.902e-01 2.391e-03 1.133e-03 6.624e-03 -1.000 1.506e-02 -3.754 3.531 3.636 2.366 -0.020 -2.240 -5.742 -6.703 -7.117
0.0152 0.01508 10.04139 1.0120054483 2.4753944874    0.638  3.449  3.4556 -0.431    8  0.524  0.481   455.85   165.41   100.28    82.15    66.90  0 -9.52e-07      0.03 6.948e-01 2.902e-01 2.391e-03 1.133e-03 6.624e-03 -1.000 1.506e-02 -3.851 3.580 3.742 2.444 0.016 -2.235 -5.851 -6.816 -7.242
0.0152 0.01508 10.04139 1.0120056868 2.4753944874    0.634  3.464  3.4528 -0.461    8  0.524  0.481   490.07   174.15   105.31    86.37    70.34  0 -1.03e-06      0.03 6.948e-01 2.902e-01 2.391e-03 1.133e-03 6.624e-03 -1.000 1.506e-02 -3.889 3.603 3.785 2.481 0.033 -2.233 -5.892 -6.860 -7.290
0.0152 0.01508 10.04139 1.0120058060 2.4753944874    0.628  3.470  3.4850 -0.342    8  0.524  0.481   365.63   140.19    85.59    69.99    56.97  0 -1.24e-06      0.04 6.948e-01 2.902e-01 2.391e-03 1.133e-03 6.624e-03 -1.000 1.506e-02 -3.905 3.366 3.101 1.871 -0.511 -2.703 -5.818 -6.767 -7.170
0.0152 0.01508 10.04139 1.0120058060 2.4753944874    0.628  3.253  3.4891 -0.109    8  0.524  0.481   208.84    92.00    57.24    46.52    37.82  0 -4.77e-07      0.01 6.948e-01 2.902e-01 2.391e-03 1.133e-03 6.624e-03 -1.000 1.506e-02 -3.364 3.479 3.216 2.089 -0.186 -2.337 -5.282 -6.224 -6.596
0.0152 0.01508 10.04139 1.0120058060 2.4753944874    0.627  3.070  3.5210  0.202    8  0.524  0.481   101.48    52.44    33.46    26.97    21.90  1 -2.32e-07      0.00 6.948e-01 2.902e-01 2.391e-03 1.133e-03 6.624e-03 -1.000 1.506e-02 -2.904 3.324 2.031 0.618 -1.013 -2.824 -4.728 -5.632 -5.940
0.0152 0.01508 10.04139 1.0120059252 2.4753944874    0.626  2.912  3.5489  0.470    8  0.524  0.481    55.70    32.30    21.06    16.86    13.67  1 -1.22e-07      0.00 6.948e-01 2.902e-01 2.391e-03 1.133e-03 6.624e-03 -1.000 1.506e-02 -2.511 3.155 1.244 -0.348 -1.531 -2.845 -4.243 -5.106 -5.364
0.0152 0.01508 10.04139 1.0120059252 2.4753944874    0.623  2.940  3.5451  0.425    8  0.524  0.481    61.47    34.99    22.73    18.22    14.78  1 -1.39e-07      0.00 6.948e-01 2.902e-01 2.391e-03 1.133e-03 6.624e-03 -1.000 1.506e-02 -2.580 3.171 1.316 -0.260 -1.492 -2.877 -4.325 -5.195 -5.459
0.0152 0.01508 10.04139 1.0120060444 2.4753944874    0.621  3.068  3.5239  0.210    8  0.524  0.481    99.49    51.52    32.89    26.52    21.53  1  -2.4e-07      0.00 6.948e-01 2.902e-01 2.391e-03 1.133e-03 6.624e-03 -1.000 1.506e-02 -2.901 3.288 1.901 0.460 -1.115 -2.880 -4.715 -5.615 -5.918
0.0152 0.01508 10.04139 1.0120061636 2.4753944874    0.617  3.225  3.4977 -0.054    8  0.524  0.481   183.09    82.89    51.80    42.06    34.18  0 -4.56e-07      0.01 6.948e-01 2.902e-01 2.391e-03 1.133e-03 6.624e-03 -1.000 1.506e-02 -3.292 3.429 2.921 1.744 -0.409 -2.509 -5.185 -6.117 -6.475
0.0152 0.01508 10.04139 1.0120062828 2.4753944874    0.613  3.351  3.4767 -0.267    8  0.524  0.481   304.18   121.65    74.71    61.02    49.64  0  -7.6e-07      0.02 6.948e-01 2.902e-01 2.391e-03 1.133e-03 6.624e-03 -1.000 1.506e-02 -3.608 3.515 3.441 2.230 -0.120 -2.305 -5.557 -6.511 -6.907
0.0152 0.01508 10.04139 1.0120064020 2.4753947258    0.609  3.430  3.4642 -0.399    8  0.524  0.481   419.17   154.09    93.61    76.75    62.47  0 -1.06e-06      0.04 6.948e-01 2.902e-01 2.391e-03 1.133e-03 6.624e-03 -1.000 1.506e-02 -3.805 3.599 3.651 2.352 -0.055 -2.280 -5.778 -6.743 -7.165
0.0152 0.01508 10.04139 1.0120066404 2.4753947258    0.603  3.469  3.4595 -0.460    8  0.524  0.481   487.52   171.84   103.87    85.32    69.45  0 -1.27e-06      0.05 6.948e-01 2.902e-01 2.391e-03 1.133e-03 6.624e-03 -1.000 1.506e-02 -3.902 3.635 3.722 2.387 -0.048 -2.292 -5.882 -6.852 -7.285
0.0152 0.01508 10.04139 1.0120067596 2.4753947258    0.598  3.484  3.4598 -0.479    8  0.525  0.481   509.99   177.25   106.96    87.93    71.58  0  -1.4e-06      0.05 6.948e-01 2.902e-01 2.391e-03 1.133e-03 6.624e-03 -1.000 1.506e-02 -3.941 3.648 3.720 2.370 -0.074 -2.320 -5.916 -6.888 -7.324
0.0152 0.01508 10.04139 1.0120069981 2.4753947258    0.592  3.491  3.5076 -0.298    8  0.525  0.481   327.53   127.62    78.14    63.95    52.02  0 -1.77e-06      0.08 6.948e-01 2.902e-01 2.391e-03 1.133e-03 6.624e-03 -1.000 1.506e-02 -3.957 3.249 2.211 0.797 -1.300 -3.365 -5.783 -6.711 -7.095
0.0152 0.01508 10.04139 1.0120069981 2.4753947258    0.591  3.278  3.5044 -0.098    8  0.525  0.481   202.80    88.86    55.30    45.02    36.58  0 -6.75e-07      0.02 6.948e-01 2.902e-01 2.391e-03 1.133e-03 6.624e-03 -1.000 1.506e-02 -3.424 3.320 2.551 1.277 -0.776 -2.827 -5.293 -6.216 -6.570
0.0152 0.01508 10.04139 1.0120069981 2.4753947258    0.590  3.094  3.5411  0.231    8  0.525  0.481    94.52    48.97    31.31    25.26    20.50  1 -3.28e-07      0.00 6.948e-01 2.902e-01 2.391e-03 1.133e-03 6.624e-03 -1.000 1.506e-02 -2.966 3.013 1.142 -0.459 -1.758 -3.222 -4.725 -5.596 -5.873
0.0152 0.01508 10.04139 1.0120071173 2.4753947258    0.588  2.937  3.5739  0.518    8  0.525  0.481    49.78    29.13    19.06    15.26    12.37  1 -1.71e-07      0.00 6.948e-01 2.902e-01 2.391e-03 1.133e-03 6.624e-03 -1.000 1.506e-02 -2.573 2.708 0.549 -1.131 -2.123 -3.052 -4.239 -5.037 -5.263
0.0152 0.01508 10.04139 1.0120071173 2.4753947258    0.586  2.965  3.5712  0.478    8  0.525  0.481    54.40    31.31    20.42    16.37    13.27  1 -1.96e-07      0.00 6.948e-01 2.902e-01 2.391e-03 1.133e-03 6.624e-03 -1.000 1.506e-02 -2.643 2.716 0.545 -1.142 -2.152 -3.111 -4.316 -5.120 -5.351
0.0152 0.01508 10.04139 1.0120072365 2.4753947258    0.583  3.093  3.5494  0.260    8  0.525  0.481    88.33    46.29    29.65    23.92    19.41  1 -3.44e-07      0.01 6.948e-01 2.902e-01 2.391e-03 1.133e-03 6.624e-03 -1.000 1.506e-02 -2.962 2.894 0.861 -0.795 -1.992 -3.298 -4.696 -5.549 -5.815
0.0152 0.01508 10.04139 1.0120073557 2.4753947258    0.579  3.248  3.5223 -0.007    8  0.525  0.481   163.30    74.90    46.95    38.16    30.99  0 -6.65e-07      0.02 6.948e-01 2.902e-01 2.391e-03 1.133e-03 6.624e-03 -1.000 1.506e-02 -3.351 3.115 1.670 0.177 -1.470 -3.279 -5.165 -6.064 -6.385
0.0152 0.01508 10.04139 1.0120074749 2.4753947258    0.575  3.374  3.5015 -0.219    8  0.525  0.481   270.01   109.74    67.61    55.27    44.93  0 -1.13e-06      0.04 6.948e-01 2.902e-01 2.391e-03 1.133e-03 6.624e-03 -1.000 1.506e-02 -3.666 3.344 2.623 1.339 -0.828 -2.933 -5.531 -6.460 -6.834
0.0152 0.01508 10.04139 1.0120075941 2.4753949642    0.569  3.453  3.4909 -0.344    8  0.525  0.481   365.03   137.22    83.67    68.65    55.83  0 -1.59e-06      0.07 6.948e-01 2.902e-01 2.391e-03 1.133e-03 6.624e-03 -1.000 1.506e-02 -3.863 3.507 3.071 1.822 -0.564 -2.756 -5.742 -6.691 -7.098
0.0152 0.01508 10.04139 1.0120078325 2.4753949642    0.564  3.492  3.4897 -0.392    8  0.526  0.481   410.55   149.35    90.71    74.54    60.63  0 -1.95e-06      0.09 6.948e-01 2.902e-01 2.391e-03 1.133e-03 6.624e-03 -1.000 1.506e-02 -3.961 3.578 3.134 1.856 -0.575 -2.784 -5.830 -6.786 -7.205
0.0152 0.01508 10.04139 1.0120079517 2.4753949642    0.557  3.508  3.4949 -0.392    8  0.526  0.481   410.32   148.93    90.44    74.34    60.46  0 -2.21e-06      0.11 6.948e-01 2.902e-01 2.391e-03 1.133e-03 6.624e-03 -1.000 1.506e-02 -4.000 3.597 2.953 1.619 -0.763 -2.952 -5.841 -6.795 -7.216
0.0152 0.01508 10.04139 1.0120081902 2.4753949642    0.551  3.515  3.5402 -0.224    8  0.526  0.481   272.53   109.49    67.39    55.18    44.84  0 -2.66e-06      0.23 6.948e-01 2.902e-01 2.391e-03 1.133e-03 6.624e-03 -1.000 1.506e-02 -4.018 3.545 1.083 -0.847 -2.374 -3.953 -5.644 -6.575 -6.992
0.0152 0.01508 10.04139 1.0120087862 2.4753952026    0.526 -9.999  4.0000  1.880    9  0.526  0.000     0.00     0.00     0.00     0.00     0.00 -1    -1e-30      0.00 6.948e-01 2.902e-01 2.391e-03 1.133e-03 6.624e-03 -1.000 1.506e-02 29.767 29.699 29.966 30.023 30.018 30.020 30.079 30.082 30.102
#isochrone terminated
