# File generated by CMD 3.4 (http://stev.oapd.inaf.it/cmd) on Tue May 18 05:33:54 CEST 2021
# isochrones based on PARSEC release v1.2S +  COLIBRI S_37 + S_35 + PR16
# Basic references: Bressan et al. (2012), MNRAS, 427, 127 + Chen et al. (2014, 2015), MNRAS, 444, 2525 + MNRAS, 452, 1068 + Tang et al. (2014), MNRAS, 445, 4287 + Marigo et al. (2017), ApJ, 835, 77 + Pastorelli al. (2019), MNRAS, 485, 5666 + Pastorelli al. (2020), MNRAS, in press
# Thermal pulse cycles included 
# On RGB, assumed Reimers mass loss with efficiency eta=0.2
# LPV periods and growth rates added cf. Trabucchi et al. (2019)
# Photometric system: <i>UBVRIJHK</i> (cf. Maiz-Apellaniz 2006 + Bessell 1990)
# Using YBC version of bolometric corrections as in Chen et al. (2019)
# O-rich circumstellar dpmod60alox40 dust from Groenewegen (2006)
# C-rich circumstellar AMCSIC15 dust from Groenewegen (2006)
# IMF: Kroupa (2001, 2002) + Kroupa et al. (2013) canonical two-part-power law IMF corrected for unresolved binaries 
# Kind of output: isochrone tables
# Zini     MH   logAge Mini        int_IMF         Mass   logL    logTe  logg  label   McoreTP C_O  period0  period1  period2  period3  period4  pmode  Mloss  tau1m   X   Y   Xc  Xn  Xo  Cexcess  Z 	 mbolmag  Umag    Bmag    Vmag    Rmag    Imag    Jmag    Hmag    Kmag
0.0152 0.01508 9.90309 0.0900000036 1.0816895962    0.090 -3.423  3.3624  5.217    1  0.000  0.545     0.00     0.00     0.00     0.00     0.00 -1  -3.9e-17      0.00 7.083e-01 2.765e-01 2.746e-03 7.408e-04 6.719e-03 -1.000 1.527e-02 13.328 22.583 19.965 18.135 15.988 13.743 11.251 10.640 10.353
0.0152 0.01508 9.90309 0.1000000015 1.1711064577    0.100 -3.241  3.3883  5.184    1  0.000  0.545     0.00     0.00     0.00     0.00     0.00 -1 -5.84e-17      0.00 7.079e-01 2.768e-01 2.746e-03 7.408e-04 6.719e-03 -1.000 1.527e-02 12.872 22.064 19.481 17.662 15.527 13.286 10.796 10.186 9.895
0.0152 0.01508 9.90309 0.1114152744 1.2599527836    0.111 -3.084  3.4089  5.156    1  0.000  0.545     0.00     0.00     0.00     0.00     0.00 -1  -8.2e-17      0.00 7.075e-01 2.772e-01 2.746e-03 7.408e-04 6.719e-03 -1.000 1.527e-02 12.480 21.620 19.066 17.255 15.130 12.894 10.404 9.796 9.502
0.0152 0.01508 9.90309 0.1200000122 1.3193155527    0.120 -2.976  3.4231  5.137    1  0.000  0.545     0.00     0.00     0.00     0.00     0.00 -1 -1.04e-16      0.00 7.072e-01 2.775e-01 2.746e-03 7.408e-04 6.719e-03 -1.000 1.527e-02 12.210 20.991 18.559 16.773 14.726 12.543 10.149 9.540 9.243
0.0152 0.01508 9.90309 0.1400000006 1.4384527206    0.140 -2.792  3.4434  5.102    1  0.000  0.545     0.00     0.00     0.00     0.00     0.00 -1 -1.53e-16      0.00 7.066e-01 2.781e-01 2.746e-03 7.408e-04 6.719e-03 -1.000 1.527e-02 11.751 19.443 17.341 15.643 13.834 11.822 9.737 9.126 8.829
0.0152 0.01508 9.90309 0.1521820575 1.5006750822    0.152 -2.704  3.4519  5.084    1  0.000  0.545     0.00     0.00     0.00     0.00     0.00 -1 -1.83e-16      0.00 7.063e-01 2.785e-01 2.746e-03 7.408e-04 6.719e-03 -1.000 1.527e-02 11.530 18.810 16.826 15.161 13.444 11.505 9.537 8.924 8.628
0.0152 0.01508 9.90309 0.1599999964 1.5372931957    0.160 -2.651  3.4569  5.073    1  0.000  0.545     0.00     0.00     0.00     0.00     0.00 -1 -2.04e-16      0.00 7.061e-01 2.787e-01 2.746e-03 7.408e-04 6.719e-03 -1.000 1.527e-02 11.398 18.437 16.522 14.871 13.209 11.318 9.417 8.804 8.509
0.0152 0.01508 9.90309 0.2000000030 1.6938791275    0.200 -2.433  3.4757  5.027    1  0.000  0.545     0.00     0.00     0.00     0.00     0.00 -1 -3.18e-16      0.00 7.051e-01 2.796e-01 2.746e-03 7.408e-04 6.719e-03 -1.000 1.527e-02 10.852 17.097 15.398 13.807 12.327 10.602 8.917 8.302 8.016
0.0152 0.01508 9.90309 0.2500000000 1.8403258324    0.250 -2.222  3.4920  4.978    1  0.000  0.545     0.00     0.00     0.00     0.00     0.00 -1 -4.89e-16      0.00 7.043e-01 2.804e-01 2.746e-03 7.408e-04 6.719e-03 -1.000 1.527e-02 10.325 15.982 14.431 12.874 11.527 9.956 8.430 7.813 7.537
0.0152 0.01508 9.90309 0.3000000119 1.9529139996    0.300 -2.057  3.5027  4.935    1  0.000  0.545     0.00     0.00     0.00     0.00     0.00 -1  -2.3e-16      0.00 7.040e-01 2.807e-01 2.746e-03 7.408e-04 6.719e-03 -1.000 1.527e-02 9.913 15.246 13.773 12.250 10.974 9.486 8.043 7.423 7.156
0.0152 0.01508 9.90309 0.3500000238 2.0434176922    0.350 -1.908  3.5113  4.887    1  0.000  0.545     0.00     0.00     0.00     0.00     0.00 -1 -4.32e-16      0.00 7.089e-01 2.758e-01 2.746e-03 7.408e-04 6.719e-03 -1.000 1.527e-02 9.539 14.632 13.214 11.719 10.496 9.071 7.690 7.065 6.806
0.0152 0.01508 9.90309 0.4000000358 2.1185026169    0.400 -1.764  3.5224  4.845    1  0.000  0.545     0.00     0.00     0.00     0.00     0.00 -1 -1.29e-15      0.00 7.091e-01 2.756e-01 2.746e-03 7.408e-04 6.719e-03 -1.000 1.527e-02 9.179 14.016 12.644 11.176 10.011 8.664 7.356 6.725 6.475
0.0152 0.01508 9.90309 0.4242035151 2.1505961418    0.424 -1.689  3.5286  4.821    1  0.000  0.545     0.00     0.00     0.00     0.00     0.00 -1 -1.54e-15      0.00 7.091e-01 2.756e-01 2.746e-03 7.408e-04 6.719e-03 -1.000 1.527e-02 8.992 13.705 12.351 10.898 9.762 8.456 7.185 6.548 6.304
0.0152 0.01508 9.90309 0.4500000477 2.1822810173    0.450 -1.614  3.5348  4.796    1  0.000  0.545     0.00     0.00     0.00     0.00     0.00 -1 -1.82e-15      0.00 7.092e-01 2.755e-01 2.746e-03 7.408e-04 6.719e-03 -1.000 1.527e-02 8.804 13.407 12.065 10.626 9.515 8.249 7.012 6.371 6.132
0.0152 0.01508 9.90309 0.4714856744 2.2069203854    0.471 -1.544  3.5415  4.773    1  0.000  0.545     0.00     0.00     0.00     0.00     0.00 -1 -2.15e-15      0.00 7.092e-01 2.755e-01 2.746e-03 7.408e-04 6.719e-03 -1.000 1.527e-02 8.630 13.122 11.788 10.362 9.279 8.054 6.855 6.209 5.974
0.0152 0.01508 9.90309 0.5000000000 2.2374541759    0.500 -1.456  3.5499  4.745    1  0.000  0.545     0.00     0.00     0.00     0.00     0.00 -1 -2.64e-15      0.00 7.092e-01 2.755e-01 2.746e-03 7.408e-04 6.719e-03 -1.000 1.527e-02 8.410 12.779 11.448 10.036 8.983 7.812 6.657 6.004 5.776
0.0152 0.01508 9.90309 0.5500000119 2.2836582661    0.550 -1.282  3.5698  4.691    1  0.000  0.545     0.00     0.00     0.00     0.00     0.00 -1 -3.99e-15      0.00 7.275e-01 2.581e-01 2.583e-03 6.971e-04 6.324e-03 -1.000 1.439e-02 7.975 12.101 10.752 9.360 8.368 7.334 6.276 5.609 5.399
0.0152 0.01508 9.90309 0.6000000238 2.3211214542    0.600 -1.111  3.5944  4.656    1  0.000  0.544     0.00     0.00     0.00     0.00     0.00 -1 -5.91e-15      0.00 7.303e-01 2.555e-01 2.560e-03 6.911e-04 6.270e-03 -1.000 1.426e-02 7.547 11.416 10.034 8.675 7.743 6.871 5.912 5.225 5.049
0.0152 0.01508 9.90309 0.6499999762 2.3520355225    0.650 -0.936  3.6243  4.636    1  0.000  0.544     0.00     0.00     0.00     0.00     0.00 -1 -8.69e-15      0.00 7.328e-01 2.530e-01 2.540e-03 6.856e-04 6.221e-03 -1.000 1.416e-02 7.109 10.668 9.247 7.973 7.114 6.407 5.544 4.858 4.729
0.0152 0.01508 9.90309 0.6580325365 2.3565006256    0.658 -0.908  3.6294  4.633    1  0.000  0.544     0.00     0.00     0.00     0.00     0.00 -1 -9.24e-15      0.00 7.332e-01 2.527e-01 2.537e-03 6.848e-04 6.214e-03 -1.000 1.413e-02 7.039 10.536 9.113 7.858 7.013 6.333 5.486 4.804 4.682
0.0152 0.01508 9.90309 0.7000000477 2.3779268265    0.700 -0.766  3.6548  4.620    1  0.000  0.544     0.00     0.00     0.00     0.00     0.00 -1 -1.26e-14      0.00 7.352e-01 2.507e-01 2.520e-03 6.805e-04 6.175e-03 -1.000 1.403e-02 6.685 9.705 8.417 7.279 6.519 5.964 5.201 4.565 4.472
0.0152 0.01508 9.90309 0.7245458364 2.3891439438    0.725 -0.684  3.6695  4.612    1  0.000  0.540     0.00     0.00     0.00     0.00     0.00 -1 -1.51e-14      0.00 7.365e-01 2.495e-01 2.493e-03 6.771e-04 6.150e-03 -1.000 1.395e-02 6.480 9.162 8.020 6.957 6.254 5.750 5.040 4.448 4.366
0.0152 0.01508 9.90309 0.7500000000 2.3998889923    0.750 -0.601  3.6841  4.602    1  0.000  0.537     0.00     0.00     0.00     0.00     0.00 -1 -1.82e-14      0.00 7.378e-01 2.483e-01 2.465e-03 6.738e-04 6.124e-03 -1.000 1.389e-02 6.272 8.621 7.638 6.645 6.001 5.535 4.877 4.335 4.259
0.0152 0.01508 9.90309 0.7580274343 2.4031059742    0.758 -0.575  3.6878  4.596    1  0.000  0.537     0.00     0.00     0.00     0.00     0.00 -1 -1.93e-14      0.00 7.384e-01 2.477e-01 2.460e-03 6.725e-04 6.112e-03 -1.000 1.387e-02 6.209 8.482 7.535 6.559 5.929 5.471 4.826 4.295 4.221
0.0152 0.01508 9.90309 0.7832999229 2.4127407074    0.783 -0.497  3.6994  4.578    1  0.000  0.537     0.00     0.00     0.00     0.00     0.00 -1 -2.32e-14      0.00 7.403e-01 2.459e-01 2.445e-03 6.683e-04 6.075e-03 -1.000 1.380e-02 6.011 8.041 7.218 6.293 5.707 5.274 4.668 4.172 4.103
0.0152 0.01508 9.90309 0.8000000119 2.4187245369    0.800 -0.445  3.7069  4.565    1  0.000  0.537     0.00     0.00     0.00     0.00     0.00 -1 -2.63e-14      0.00 7.415e-01 2.447e-01 2.435e-03 6.656e-04 6.051e-03 -1.000 1.374e-02 5.882 7.766 7.020 6.126 5.565 5.146 4.565 4.091 4.025
0.0152 0.01508 9.90309 0.8214421272 2.4259989262    0.821 -0.378  3.7161  4.547    1  0.000  0.536     0.00     0.00     0.00     0.00     0.00 -1 -3.09e-14      0.00 7.434e-01 2.429e-01 2.419e-03 6.616e-04 6.015e-03 -1.000 1.368e-02 5.715 7.426 6.773 5.916 5.385 4.983 4.431 3.983 3.922
0.0152 0.01508 9.90309 0.8422230482 2.4326438904    0.842 -0.314  3.7246  4.527    1  0.000  0.536     0.00     0.00     0.00     0.00     0.00 -1 -3.61e-14      0.00 7.452e-01 2.412e-01 2.405e-03 6.576e-04 5.979e-03 -1.000 1.360e-02 5.554 7.111 6.544 5.720 5.215 4.827 4.302 3.877 3.819
0.0152 0.01508 9.90309 0.8500000238 2.4350347519    0.849 -0.290  3.7277  4.520    1  0.000  0.536     0.00     0.00     0.00     0.00     0.00 -1 -3.84e-14      0.00 7.458e-01 2.406e-01 2.400e-03 6.561e-04 5.966e-03 -1.000 1.357e-02 5.494 6.997 6.460 5.647 5.151 4.768 4.253 3.837 3.780
0.0152 0.01508 9.90309 0.8625086546 2.4387767315    0.862 -0.250  3.7325  4.506    1  0.000  0.536     0.00     0.00     0.00     0.00     0.00 -1 -4.23e-14      0.00 7.472e-01 2.393e-01 2.389e-03 6.532e-04 5.940e-03 -1.000 1.350e-02 5.396 6.819 6.326 5.533 5.050 4.674 4.174 3.770 3.715
0.0152 0.01508 9.90309 0.8825565577 2.4445199966    0.882 -0.188  3.7398  4.482    1  0.000  0.536     0.00     0.00     0.00     0.00     0.00 -1 -4.97e-14      0.00 7.493e-01 2.373e-01 2.371e-03 6.485e-04 5.898e-03 -1.000 1.342e-02 5.239 6.539 6.113 5.349 4.887 4.525 4.047 3.661 3.609
0.0152 0.01508 9.90309 0.9000000358 2.4492788315    0.899 -0.132  3.7458  4.460    1  0.000  0.536     0.00     0.00     0.00     0.00     0.00 -1 -5.73e-14      0.00 7.512e-01 2.354e-01 2.356e-03 6.443e-04 5.860e-03 -1.000 1.333e-02 5.101 6.294 5.932 5.194 4.750 4.397 3.937 3.565 3.516
0.0152 0.01508 9.90309 0.9017939568 2.4497561455    0.901 -0.127  3.7464  4.457    1  0.000  0.536     0.00     0.00     0.00     0.00     0.00 -1 -5.82e-14      0.00 7.515e-01 2.352e-01 2.354e-03 6.438e-04 5.856e-03 -1.000 1.331e-02 5.087 6.269 5.914 5.178 4.736 4.383 3.925 3.554 3.506
0.0152 0.01508 9.90309 0.9134919643 2.4528164864    0.913 -0.089  3.7501  4.440    1  0.000  0.536     0.00     0.00     0.00     0.00     0.00 -1 -6.43e-14      0.00 7.530e-01 2.337e-01 2.341e-03 6.403e-04 5.825e-03 -1.000 1.322e-02 4.993 6.111 5.794 5.073 4.642 4.296 3.848 3.486 3.439
0.0152 0.01508 9.90309 0.9349968433 2.4582130909    0.934 -0.019  3.7564  4.405    1  0.000  0.536     0.00     0.00     0.00     0.00     0.00 -1 -7.76e-14      0.00 7.560e-01 2.309e-01 2.317e-03 6.339e-04 5.767e-03 -1.000 1.312e-02 4.818 5.838 5.578 4.883 4.469 4.133 3.702 3.354 3.310
0.0152 0.01508 9.90309 0.9455402493 2.4607560635    0.945  0.015  3.7593  4.387    1  0.000  0.536     0.00     0.00     0.00     0.00     0.00 -1 -8.56e-14      0.00 7.574e-01 2.295e-01 2.305e-03 6.306e-04 5.738e-03 -1.000 1.303e-02 4.731 5.707 5.472 4.790 4.383 4.051 3.628 3.287 3.244
0.0152 0.01508 9.90309 0.9500000477 2.4618122578    0.949  0.030  3.7604  4.379    1  0.000  0.536     0.00     0.00     0.00     0.00     0.00 -1 -8.91e-14      0.00 7.580e-01 2.290e-01 2.300e-03 6.293e-04 5.726e-03 -1.000 1.301e-02 4.694 5.652 5.427 4.750 4.346 4.016 3.596 3.257 3.215
0.0152 0.01508 9.90309 0.9641124010 2.4650804996    0.963  0.078  3.7638  4.351    1  0.000  0.535     0.00     0.00     0.00     0.00     0.00 -1 -1.02e-13      0.00 7.605e-01 2.266e-01 2.279e-03 6.238e-04 5.677e-03 -1.000 1.291e-02 4.576 5.486 5.287 4.624 4.230 3.905 3.493 3.162 3.122
0.0152 0.01508 9.90309 0.9816183448 2.4689848423    0.981  0.136  3.7671  4.314    1  0.000  0.535     0.00     0.00     0.00     0.00     0.00 -1  -1.2e-13      0.00 7.636e-01 2.236e-01 2.255e-03 6.172e-04 5.617e-03 -1.000 1.279e-02 4.430 5.295 5.120 4.472 4.087 3.767 3.364 3.041 3.002
0.0152 0.01508 9.90309 0.9973907471 2.4723677635    0.997  0.189  3.7694  4.277    1  0.000  0.535     0.00     0.00     0.00     0.00     0.00 -1 -1.41e-13      0.00 7.658e-01 2.215e-01 2.237e-03 6.123e-04 5.574e-03 -1.000 1.268e-02 4.298 5.131 4.973 4.335 3.956 3.640 3.243 2.925 2.887
0.0152 0.01508 9.90309 1.0000000000 2.4729156494    0.999  0.198  3.7697  4.271    1  0.000  0.535     0.00     0.00     0.00     0.00     0.00 -1 -1.44e-13      0.00 7.660e-01 2.213e-01 2.235e-03 6.118e-04 5.569e-03 -1.000 1.268e-02 4.275 5.104 4.948 4.312 3.933 3.618 3.222 2.904 2.867
0.0152 0.01508 9.90309 1.0112696886 2.4752445221    1.011  0.240  3.7711  4.239    1  0.000  0.535     0.00     0.00     0.00     0.00     0.00 -1 -1.62e-13      0.00 7.665e-01 2.209e-01 2.232e-03 6.111e-04 5.564e-03 -1.000 1.269e-02 4.171 4.981 4.834 4.205 3.830 3.518 3.125 2.811 2.773
0.0152 0.01508 9.90309 1.0203294754 2.4770739079    1.019  0.274  3.7717  4.211    1  0.000  0.535     0.00     0.00     0.00     0.00     0.00 -1 -1.77e-13      0.00 7.664e-01 2.209e-01 2.234e-03 6.116e-04 5.568e-03 -1.000 1.270e-02 4.084 4.885 4.742 4.116 3.744 3.432 3.042 2.728 2.691
0.0152 0.01508 9.90309 1.0291281939 2.4788150787    1.028  0.309  3.7719  4.180    1  0.000  0.535     0.00     0.00     0.00     0.00     0.00 -1 -1.95e-13      0.00 7.659e-01 2.214e-01 2.240e-03 6.133e-04 5.583e-03 -1.000 1.273e-02 3.997 4.795 4.653 4.029 3.657 3.346 2.955 2.643 2.606
0.0152 0.01508 9.90309 1.0401659012 2.4809515476    1.039  0.355  3.7711  4.136    1  0.000  0.535     0.00     0.00     0.00     0.00     0.00 -1 -2.23e-13      0.00 7.642e-01 2.230e-01 2.258e-03 6.182e-04 5.629e-03 -1.000 1.282e-02 3.883 4.690 4.543 3.916 3.543 3.231 2.838 2.524 2.487
0.0152 0.01508 9.90309 1.0474126339 2.4823260307    1.046  0.385  3.7701  4.105    1  0.000  0.535     0.00     0.00     0.00     0.00     0.00 -1 -2.45e-13      0.00 7.626e-01 2.245e-01 2.274e-03 6.229e-04 5.671e-03 -1.000 1.294e-02 3.807 4.625 4.473 3.842 3.467 3.153 2.757 2.441 2.403
0.0152 0.01508 9.90309 1.0496830940 2.4827523232    1.048  0.395  3.7693  4.093    1  0.000  0.535     0.00     0.00     0.00     0.00     0.00 -1 -2.53e-13      0.00 7.612e-01 2.258e-01 2.287e-03 6.264e-04 5.703e-03 -1.000 1.301e-02 3.783 4.610 4.453 3.819 3.442 3.127 2.729 2.411 2.373
0.0152 0.01508 9.90309 1.0499999523 2.4828116894    1.049  0.396  3.7692  4.091    1  0.000  0.535     0.00     0.00     0.00     0.00     0.00 -1 -2.54e-13      0.00 7.610e-01 2.259e-01 2.289e-03 6.269e-04 5.707e-03 -1.000 1.302e-02 3.780 4.608 4.450 3.815 3.438 3.123 2.725 2.407 2.369
0.0152 0.01508 9.90309 1.0554563999 2.4838263988    1.054  0.420  3.7672  4.062    2  0.000  0.535     0.00     0.00     0.00     0.00     0.00 -1 -2.75e-13      0.00 7.578e-01 2.290e-01 2.319e-03 6.352e-04 5.784e-03 -1.000 1.317e-02 3.720 4.572 4.401 3.759 3.378 3.060 2.657 2.334 2.295
0.0152 0.01508 9.90309 1.0626705885 2.4851498604    1.061  0.450  3.7623  4.015    2  0.000  0.535     0.00     0.00     0.00     0.00     0.00 -1 -3.06e-13      0.00 7.507e-01 2.358e-01 2.382e-03 6.522e-04 5.937e-03 -1.000 1.350e-02 3.645 4.556 4.355 3.693 3.301 2.975 2.559 2.225 2.184
0.0152 0.01508 9.90309 1.0692358017 2.4863364697    1.068  0.471  3.7537  3.962    2  0.000  0.535     0.00     0.00     0.00     0.00     0.00 -1 -3.37e-13      0.00 7.416e-01 2.445e-01 2.458e-03 6.726e-04 6.120e-03 -1.000 1.390e-02 3.592 4.620 4.358 3.660 3.248 2.907 2.467 2.113 2.068
0.0152 0.01508 9.90309 1.0733319521 2.4870684147    1.072  0.475  3.7442  3.922    2  0.000  0.536     0.00     0.00     0.00     0.00     0.00 -1 -3.55e-13      0.00 7.344e-01 2.513e-01 2.514e-03 6.878e-04 6.256e-03 -1.000 1.424e-02 3.582 4.746 4.409 3.675 3.239 2.884 2.416 2.039 1.990
0.0152 0.01508 9.90309 1.0758371353 2.4875128269    1.074  0.470  3.7352  3.891    2  0.000  0.536     0.00     0.00     0.00     0.00     0.00 -1 -3.62e-13      0.00 7.295e-01 2.560e-01 2.552e-03 6.979e-04 6.346e-03 -1.000 1.444e-02 3.594 4.890 4.481 3.713 3.256 2.886 2.391 1.991 1.939
0.0152 0.01508 9.90309 1.0775984526 2.4878237247    1.076  0.464  3.7269  3.865    2  0.000  0.536     0.00     0.00     0.00     0.00     0.00 -1 -3.67e-13      0.00 7.261e-01 2.593e-01 2.578e-03 7.048e-04 6.407e-03 -1.000 1.458e-02 3.609 5.030 4.557 3.756 3.278 2.895 2.374 1.952 1.897
0.0152 0.01508 9.90309 1.0792720318 2.4881184101    1.077  0.462  3.7182  3.833    2  0.000  0.537     0.00     0.00     0.00     0.00     0.00 -1 -3.77e-13      0.00 7.231e-01 2.622e-01 2.600e-03 7.106e-04 6.459e-03 -1.000 1.469e-02 3.614 5.174 4.628 3.793 3.293 2.895 2.346 1.900 1.842
0.0152 0.01508 9.90309 1.0812834501 2.4884707928    1.079  0.476  3.7086  3.782    2  0.000  0.537     0.00     0.00     0.00     0.00     0.00 -1 -4.09e-13      0.00 7.198e-01 2.653e-01 2.622e-03 7.165e-04 6.511e-03 -1.000 1.482e-02 3.580 5.300 4.669 3.799 3.273 2.858 2.277 1.804 1.742
0.0152 0.01508 9.90309 1.0830713511 2.4887828827    1.081  0.506  3.7020  3.726    2  0.000  0.537     0.00     0.00     0.00     0.00     0.00 -1 -4.66e-13      0.00 7.169e-01 2.682e-01 2.638e-03 7.208e-04 6.549e-03 -1.000 1.490e-02 3.505 5.339 4.650 3.753 3.210 2.782 2.178 1.686 1.621
0.0152 0.01508 9.90309 1.0835736990 2.4888703823    1.082  0.517  3.7004  3.708    2  0.000  0.537     0.00     0.00     0.00     0.00     0.00 -1 -4.87e-13      0.00 7.161e-01 2.690e-01 2.642e-03 7.219e-04 6.559e-03 -1.000 1.491e-02 3.477 5.338 4.636 3.733 3.185 2.755 2.145 1.649 1.583
0.0152 0.01508 9.90309 1.0840719938 2.4889571667    1.082  0.531  3.6992  3.690    2  0.000  0.537     0.00     0.00     0.00     0.00     0.00 -1 -5.14e-13      0.00 7.152e-01 2.699e-01 2.645e-03 7.228e-04 6.567e-03 -1.000 1.490e-02 3.442 5.323 4.611 3.703 3.152 2.720 2.106 1.606 1.540
0.0152 0.01508 9.90309 1.0855082273 2.4892063141    1.084  0.576  3.6963  3.634    3  0.000  0.536     0.00     0.00     0.00     0.00     0.00 -1 -6.04e-13      0.00 7.125e-01 2.725e-01 2.650e-03 7.260e-04 6.588e-03 -1.000 1.496e-02 3.330 5.260 4.525 3.605 3.047 2.609 1.984 1.475 1.408
0.0152 0.01508 9.90309 1.0866528749 2.4894046783    1.085  0.617  3.6945  3.586    3  0.000  0.533     0.00     0.00     0.00     0.00     0.00 -1 -6.99e-13      0.00 7.099e-01 2.751e-01 2.638e-03 7.344e-04 6.603e-03 -1.000 1.503e-02 3.227 5.186 4.438 3.512 2.949 2.507 1.876 1.361 1.293
0.0152 0.01508 9.90309 1.0879839659 2.4896345139    1.086  0.670  3.6926  3.527    3  0.000  0.520     0.00     0.00     0.00     0.00     0.00 -1 -8.41e-13      0.00 7.064e-01 2.785e-01 2.580e-03 7.837e-04 6.618e-03 -1.000 1.510e-02 3.096 5.082 4.321 3.389 2.822 2.377 1.739 1.218 1.149
0.0152 0.01508 9.90309 1.0889674425 2.4898037910    1.087  0.712  3.6914  3.479    3  0.000  0.503     0.00     0.00     0.00     0.00     0.00 -1 -9.79e-13      0.00 7.036e-01 2.813e-01 2.502e-03 8.719e-04 6.626e-03 -1.000 1.512e-02 2.989 4.994 4.225 3.287 2.718 2.270 1.628 1.103 1.034
0.0152 0.01508 9.90309 1.0900689363 2.4899930954    1.088  0.764  3.6900  3.422    3  0.000  0.484     0.00     0.00     0.00     0.00     0.00 -1 -1.18e-12      0.00 7.005e-01 2.843e-01 2.407e-03 9.902e-04 6.635e-03 -1.000 1.512e-02 2.859 4.891 4.109 3.164 2.591 2.141 1.493 0.965 0.894
0.0152 0.01508 9.90309 1.0909091234 2.4901373386    1.089  0.807  3.6888  3.375    3  0.000  0.471     0.00     0.00     0.00     0.00     0.00 -1 -1.37e-12      0.00 6.983e-01 2.866e-01 2.344e-03 1.070e-03 6.640e-03 -1.000 1.512e-02 2.751 4.805 4.013 3.062 2.487 2.033 1.381 0.850 0.779
0.0152 0.01508 9.90309 1.0916935205 2.4902715683    1.090  0.851  3.6876  3.327    3  0.000  0.461     0.00     0.00     0.00     0.00     0.00 -1  -1.6e-12      0.00 6.963e-01 2.886e-01 2.298e-03 1.128e-03 6.644e-03 -1.000 1.512e-02 2.642 4.719 3.917 2.959 2.381 1.925 1.268 0.733 0.662
0.0152 0.01508 9.90309 1.0923751593 2.4903881550    1.090  0.892  3.6864  3.281    3  0.000  0.455     0.00     0.00     0.00     0.00     0.00 -1 -1.85e-12      0.00 6.948e-01 2.900e-01 2.266e-03 1.169e-03 6.647e-03 -1.000 1.519e-02 2.540 4.639 3.827 2.862 2.281 1.822 1.162 0.623 0.552
0.0152 0.01508 9.90309 1.0931937695 2.4905278683    1.091  0.946  3.6847  3.221    3  0.000  0.449     0.00     0.00     0.00     0.00     0.00 -1 -2.23e-12      0.00 6.933e-01 2.916e-01 2.238e-03 1.205e-03 6.650e-03 -1.000 1.518e-02 2.406 4.538 3.710 2.737 2.151 1.689 1.022 0.479 0.406
0.0152 0.01508 9.90309 1.0937635899 2.4906249046    1.092  0.986  3.6834  3.175    3  0.000  0.445     0.00     0.00     0.00     0.00     0.00 -1 -2.59e-12      0.00 6.923e-01 2.925e-01 2.220e-03 1.229e-03 6.652e-03 -1.000 1.519e-02 2.304 4.462 3.622 2.642 2.053 1.588 0.916 0.369 0.296
0.0152 0.01508 9.90309 1.0944229364 2.4907371998    1.092  1.038  3.6815  3.117    3  0.000  0.442     0.00     0.00     0.00     0.00     0.00 -1 -3.11e-12      0.00 6.914e-01 2.934e-01 2.206e-03 1.247e-03 6.654e-03 -1.000 1.520e-02 2.176 4.371 3.513 2.523 1.930 1.460 0.782 0.230 0.156
0.0152 0.01508 9.90309 1.0949138403 2.4908206463    1.093  1.079  3.6800  3.069    3  0.000  0.440     0.00     0.00     0.00     0.00     0.00 -1 -3.61e-12      0.00 6.910e-01 2.938e-01 2.198e-03 1.257e-03 6.654e-03 -1.000 1.518e-02 2.071 4.298 3.425 2.427 1.829 1.357 0.672 0.115 0.040
0.0152 0.01508 9.90309 1.0954645872 2.4909141064    1.093  1.130  3.6779  3.010    3  0.000  0.439     0.00     0.00     0.00     0.00     0.00 -1 -4.34e-12      0.00 6.905e-01 2.943e-01 2.190e-03 1.267e-03 6.655e-03 -1.000 1.522e-02 1.944 4.214 3.320 2.312 1.708 1.231 0.538 -0.025 -0.101
0.0152 0.01508 9.90309 1.0959717035 2.4910001755    1.093  1.182  3.6758  2.949    3  0.000  0.438     0.00     0.00     0.00     0.00     0.00 -1 -5.24e-12      0.00 6.903e-01 2.945e-01 2.187e-03 1.272e-03 6.656e-03 -1.000 1.526e-02 1.814 4.130 3.213 2.194 1.584 1.102 0.401 -0.168 -0.245
0.0152 0.01508 9.90309 1.0964112282 2.4910745621    1.094  1.232  3.6736  2.891    3  0.000  0.438     0.00     0.00     0.00     0.00     0.00 -1 -6.28e-12      0.00 6.902e-01 2.945e-01 2.186e-03 1.273e-03 6.656e-03 -1.000 1.526e-02 1.689 4.050 3.111 2.082 1.466 0.979 0.270 -0.306 -0.385
0.0152 0.01508 9.90309 1.0968133211 2.4911427498    1.094  1.282  3.6713  2.832    3  0.000  0.438     0.00     0.00     0.00     0.00     0.00 -1 -7.55e-12      0.00 6.902e-01 2.945e-01 2.185e-03 1.274e-03 6.656e-03 -1.000 1.526e-02 1.564 3.972 3.010 1.970 1.347 0.856 0.137 -0.446 -0.525
0.0152 0.01508 9.90309 1.0971856117 2.4912056923    1.094  1.333  3.6689  2.771    3  0.000  0.438     0.00     0.00     0.00     0.00     0.00 -1 -9.09e-12      0.00 6.902e-01 2.945e-01 2.185e-03 1.274e-03 6.656e-03 -1.000 1.527e-02 1.436 3.896 2.908 1.857 1.228 0.731 0.003 -0.588 -0.669
0.0152 0.01508 9.90309 1.0975096226 2.4912605286    1.095  1.382  3.6664  2.713    3  0.000  0.438     0.00     0.00     0.00     0.00     0.00 -1 -1.09e-11      0.00 6.902e-01 2.946e-01 2.184e-03 1.275e-03 6.656e-03 -1.000 1.527e-02 1.316 3.827 2.814 1.752 1.115 0.613 -0.125 -0.722 -0.805
0.0152 0.01508 9.90309 1.0978205204 2.4913129807    1.095  1.432  3.6639  2.653    3  0.000  0.437     0.00     0.00     0.00     0.00     0.00 -1 -1.31e-11      0.00 6.902e-01 2.946e-01 2.184e-03 1.275e-03 6.657e-03 -1.000 1.527e-02 1.190 3.757 2.718 1.643 0.999 0.490 -0.257 -0.863 -0.947
0.0152 0.01508 9.90309 1.0981025696 2.4913606644    1.095  1.480  3.6613  2.595    3  0.000  0.437     0.00     0.00     0.00     0.00     0.00 -1 -1.56e-11      0.00 6.902e-01 2.946e-01 2.184e-03 1.276e-03 6.657e-03 -1.000 1.527e-02 1.070 3.691 2.625 1.538 0.887 0.372 -0.385 -0.998 -1.085
0.0152 0.01508 9.90309 1.0983794928 2.4914073944    1.095  1.527  3.6588  2.538    3  0.000  0.437     0.00     0.00     0.00     0.00     0.00 -1 -1.86e-11      0.00 6.902e-01 2.946e-01 2.184e-03 1.276e-03 6.657e-03 -1.000 1.527e-02 0.952 3.629 2.536 1.437 0.778 0.258 -0.509 -1.131 -1.219
0.0152 0.01508 9.90309 1.0987399817 2.4914681911    1.095  1.569  3.6566  2.486    3  0.000  0.437     0.00     0.00     0.00     0.00     0.00 -1 -2.18e-11      0.00 6.901e-01 2.946e-01 2.183e-03 1.277e-03 6.657e-03 -1.000 1.527e-02 0.846 3.578 2.458 1.347 0.681 0.155 -0.621 -1.249 -1.339
0.0152 0.01508 9.90309 1.0989636183 2.4915058613    1.095  1.533  3.6591  2.533    3  0.000  0.437     0.00     0.00     0.00     0.00     0.00 -1 -1.93e-11      0.00 6.901e-01 2.946e-01 2.183e-03 1.277e-03 6.657e-03 -1.000 1.527e-02 0.938 3.608 2.518 1.421 0.763 0.243 -0.523 -1.143 -1.231
0.0152 0.01508 9.90309 1.0991129875 2.4915308952    1.096  1.497  3.6614  2.578    3  0.000  0.437     0.00     0.00     0.00     0.00     0.00 -1 -1.69e-11      0.00 6.901e-01 2.946e-01 2.183e-03 1.277e-03 6.657e-03 -1.000 1.527e-02 1.028 3.646 2.581 1.495 0.844 0.330 -0.427 -1.040 -1.126
0.0152 0.01508 9.90309 1.0991256237 2.4915330410    1.096  1.493  3.6617  2.583    3  0.000  0.437     0.00     0.00     0.00     0.00     0.00 -1 -1.66e-11      0.00 6.901e-01 2.946e-01 2.183e-03 1.277e-03 6.657e-03 -1.000 1.527e-02 1.037 3.650 2.588 1.503 0.853 0.339 -0.417 -1.029 -1.115
0.0152 0.01508 9.90309 1.0993375778 2.4915688038    1.096  1.539  3.6591  2.527    3  0.000  0.437     0.00     0.00     0.00     0.00     0.00 -1 -1.94e-11      0.00 6.901e-01 2.946e-01 2.183e-03 1.277e-03 6.657e-03 -1.000 1.527e-02 0.922 3.591 2.502 1.404 0.747 0.227 -0.539 -1.159 -1.247
0.0152 0.01508 9.90309 1.0995553732 2.4916055202    1.096  1.588  3.6563  2.467    3  0.000  0.437     0.00     0.00     0.00     0.00     0.00 -1 -2.31e-11      0.00 6.901e-01 2.946e-01 2.182e-03 1.278e-03 6.657e-03 -1.000 1.527e-02 0.801 3.543 2.417 1.303 0.636 0.110 -0.667 -1.296 -1.386
0.0152 0.01508 9.90309 1.0997633934 2.4916405678    1.096  1.636  3.6535  2.408    3  0.000  0.437     0.00     0.00     0.00     0.00     0.00 -1 -2.76e-11      0.00 6.901e-01 2.946e-01 2.182e-03 1.278e-03 6.657e-03 -1.000 1.527e-02 0.681 3.506 2.336 1.203 0.526 -0.008 -0.796 -1.433 -1.525
0.0152 0.01508 9.90309 1.0999504328 2.4916720390    1.096  1.682  3.6508  2.351    3  0.000  0.437     0.00     0.00     0.00     0.00     0.00 -1 -3.29e-11      0.00 6.901e-01 2.946e-01 2.182e-03 1.278e-03 6.657e-03 -1.000 1.527e-02 0.565 3.471 2.258 1.107 0.419 -0.121 -0.920 -1.565 -1.659
0.0152 0.01508 9.90309 1.1000000238 2.4916803837    1.096  1.695  3.6500  2.335    3  0.000  0.437     0.00     0.00     0.00     0.00     0.00 -1 -3.45e-11      0.00 6.901e-01 2.946e-01 2.182e-03 1.278e-03 6.657e-03 -1.000 1.527e-02 0.533 3.462 2.237 1.080 0.390 -0.152 -0.954 -1.601 -1.695
0.0152 0.01508 9.90309 1.1000176668 2.4916832447    1.096  1.699  3.6498  2.330    3  0.000  0.437     0.00     0.00     0.00     0.00     0.00 -1  -3.5e-11      0.00 6.901e-01 2.946e-01 2.182e-03 1.278e-03 6.657e-03 -1.000 1.527e-02 0.522 3.459 2.229 1.071 0.380 -0.163 -0.966 -1.614 -1.709
0.0152 0.01508 9.90309 1.1001819372 2.4917109013    1.096  1.745  3.6469  2.272    3  0.000  0.437     0.00     0.00     0.00     0.00     0.00 -1 -4.16e-11      0.00 6.901e-01 2.946e-01 2.182e-03 1.279e-03 6.657e-03 -1.000 1.527e-02 0.407 3.431 2.157 0.979 0.277 -0.274 -1.089 -1.745 -1.842
0.0152 0.01508 9.90309 1.1003359556 2.4917366505    1.096  1.792  3.6441  2.214    3  0.000  0.437     0.00     0.00     0.00     0.00     0.00 -1 -4.95e-11      0.00 6.901e-01 2.946e-01 2.181e-03 1.279e-03 6.657e-03 -1.000 1.527e-02 0.290 3.404 2.083 0.886 0.172 -0.387 -1.213 -1.878 -1.977
0.0152 0.01508 9.90309 1.1004726887 2.4917597771    1.096  1.837  3.6412  2.158    3  0.000  0.437     0.00     0.00     0.00     0.00     0.00 -1 -5.87e-11      0.00 6.901e-01 2.946e-01 2.181e-03 1.279e-03 6.657e-03 -1.000 1.527e-02 0.178 3.380 2.012 0.796 0.071 -0.496 -1.334 -2.007 -2.108
0.0152 0.01508 9.90309 1.1006004810 2.4917812347    1.096  1.882  3.6383  2.101    3  0.000  0.437     0.00     0.00     0.00     0.00     0.00 -1 -6.95e-11      0.00 6.901e-01 2.946e-01 2.181e-03 1.279e-03 6.657e-03 -1.000 1.527e-02 0.064 3.357 1.943 0.707 -0.029 -0.605 -1.455 -2.137 -2.240
0.0152 0.01508 9.90309 1.1007164717 2.4918005466    1.096  1.927  3.6354  2.045    3  0.000  0.437     0.00     0.00     0.00     0.00     0.00 -1 -8.23e-11      0.00 6.901e-01 2.946e-01 2.181e-03 1.279e-03 6.657e-03 -1.000 1.527e-02 -0.047 3.339 1.877 0.622 -0.125 -0.712 -1.573 -2.265 -2.370
0.0152 0.01508 9.90309 1.1008229256 2.4918184280    1.096  1.971  3.6325  1.988    3  0.000  0.437     0.00     0.00     0.00     0.00     0.00 -1 -9.73e-11      0.00 6.901e-01 2.946e-01 2.181e-03 1.279e-03 6.657e-03 -1.000 1.527e-02 -0.159 3.316 1.812 0.536 -0.222 -0.818 -1.692 -2.392 -2.500
0.0152 0.01508 9.90309 1.1009205580 2.4918348789    1.095  2.016  3.6295  1.931    3  0.000  0.437     0.00     0.00     0.00     0.00     0.00 -1 -1.15e-10      0.00 6.901e-01 2.946e-01 2.181e-03 1.280e-03 6.657e-03 -1.000 1.527e-02 -0.270 3.270 1.748 0.448 -0.317 -0.922 -1.809 -2.513 -2.626
0.0152 0.01508 9.90309 1.1010091305 2.4918496609    1.095  2.060  3.6265  1.876    3  0.000  0.437     0.00     0.00     0.00     0.00     0.00 -1 -1.36e-10      0.00 6.901e-01 2.946e-01 2.181e-03 1.280e-03 6.657e-03 -1.000 1.527e-02 -0.379 3.222 1.685 0.363 -0.408 -1.023 -1.924 -2.631 -2.750
0.0152 0.01508 9.90309 1.1010909081 2.4918634892    1.095  2.103  3.6234  1.820    3  0.000  0.437     0.00     0.00     0.00     0.00     0.00 -1  -1.6e-10      0.00 6.901e-01 2.946e-01 2.181e-03 1.280e-03 6.657e-03 -1.000 1.527e-02 -0.489 3.172 1.622 0.278 -0.500 -1.125 -2.038 -2.750 -2.875
0.0152 0.01508 9.90309 1.1011651754 2.4918758869    1.095  2.147  3.6204  1.764    3  0.000  0.437     0.00     0.00     0.00     0.00     0.00 -1 -1.89e-10      0.00 6.901e-01 2.946e-01 2.181e-03 1.280e-03 6.657e-03 -1.000 1.527e-02 -0.596 3.122 1.559 0.194 -0.590 -1.224 -2.151 -2.868 -2.998
0.0152 0.01508 9.90309 1.1012336016 2.4918873310    1.094  2.189  3.6173  1.709    3  0.000  0.437     0.00     0.00     0.00     0.00     0.00 -1 -2.22e-10      0.00 6.901e-01 2.946e-01 2.181e-03 1.280e-03 6.657e-03 -1.000 1.527e-02 -0.704 3.069 1.497 0.114 -0.677 -1.322 -2.263 -2.984 -3.120
0.0152 0.01508 9.90309 1.1012974977 2.4918980598    1.094  2.233  3.6142  1.653    3  0.000  0.437     0.00     0.00     0.00     0.00     0.00 -1 -2.62e-10      0.00 6.901e-01 2.946e-01 2.180e-03 1.280e-03 6.657e-03 -1.000 1.527e-02 -0.812 3.015 1.434 0.033 -0.765 -1.420 -2.376 -3.102 -3.244
0.0152 0.01508 9.90309 1.1013544798 2.4919075966    1.094  2.274  3.6111  1.599    3  0.000  0.437     0.00     0.00     0.00     0.00     0.00 -1 -3.07e-10      0.00 6.901e-01 2.946e-01 2.180e-03 1.280e-03 6.657e-03 -1.000 1.527e-02 -0.916 2.965 1.375 -0.044 -0.849 -1.514 -2.485 -3.215 -3.364
0.0152 0.01508 9.90309 1.1014090776 2.4919168949    1.093  2.317  3.6080  1.543    3  0.000  0.437     0.00     0.00     0.00     0.00     0.00 -1 -3.62e-10      0.00 6.901e-01 2.946e-01 2.180e-03 1.280e-03 6.657e-03 -1.000 1.527e-02 -1.024 2.909 1.313 -0.122 -0.934 -1.610 -2.597 -3.332 -3.488
0.0152 0.01508 9.90309 1.1014572382 2.4919250011    1.093  2.358  3.6049  1.490    3  0.000  0.437     0.00     0.00     0.00     0.00     0.00 -1 -4.23e-10      0.00 6.901e-01 2.946e-01 2.180e-03 1.280e-03 6.657e-03 -1.000 1.527e-02 -1.126 2.866 1.258 -0.192 -1.013 -1.702 -2.705 -3.446 -3.609
0.0152 0.01508 9.90309 1.1015019417 2.4919323921    1.092  2.399  3.6017  1.436    3  0.000  0.437     0.00     0.00     0.00     0.00     0.00 -1 -4.96e-10      0.00 6.901e-01 2.946e-01 2.180e-03 1.280e-03 6.657e-03 -1.000 1.527e-02 -1.228 2.867 1.212 -0.256 -1.090 -1.796 -2.814 -3.564 -3.732
0.0152 0.01508 9.90309 1.1015443802 2.4919395447    1.092  2.441  3.5985  1.381    3  0.000  0.437     0.00     0.00     0.00     0.00     0.00 -1 -5.82e-10      0.00 6.901e-01 2.946e-01 2.180e-03 1.280e-03 6.657e-03 -1.000 1.527e-02 -1.333 2.864 1.166 -0.319 -1.167 -1.891 -2.926 -3.684 -3.857
0.0152 0.01508 9.90309 1.1015820503 2.4919457436    1.091  2.481  3.5952  1.328    3  0.000  0.437     0.00     0.00     0.00     0.00     0.00 -1 -6.79e-10      0.00 6.901e-01 2.946e-01 2.180e-03 1.281e-03 6.657e-03 -1.000 1.527e-02 -1.432 2.861 1.127 -0.372 -1.235 -1.982 -3.033 -3.800 -3.978
0.0152 0.01508 9.90309 1.1016173363 2.4919517040    1.090  2.521  3.5920  1.275    3  0.000  0.437     0.00     0.00     0.00     0.00     0.00 -1 -7.93e-10      0.00 6.901e-01 2.946e-01 2.180e-03 1.281e-03 6.658e-03 -1.000 1.527e-02 -1.533 2.860 1.088 -0.427 -1.304 -2.073 -3.142 -3.917 -4.099
0.0152 0.01508 9.90309 1.1016502380 2.4919571877    1.090  2.561  3.5887  1.221    3  0.000  0.437     0.00     0.00     0.00     0.00     0.00 -1 -9.27e-10      0.00 6.901e-01 2.946e-01 2.180e-03 1.281e-03 6.658e-03 -1.000 1.527e-02 -1.633 2.857 1.051 -0.478 -1.370 -2.163 -3.250 -4.034 -4.221
0.0152 0.01508 9.90309 1.1016792059 2.4919621944    1.089  2.599  3.5854  1.170    3  0.000  0.437     0.00     0.00     0.00     0.00     0.00 -1 -1.07e-09      0.00 6.901e-01 2.946e-01 2.180e-03 1.281e-03 6.658e-03 -1.000 1.527e-02 -1.728 2.855 1.022 -0.518 -1.426 -2.248 -3.353 -4.145 -4.338
0.0152 0.01508 9.90309 1.1017068624 2.4919667244    1.088  2.638  3.5821  1.117    3  0.000  0.437     0.00     0.00     0.00     0.00     0.00 -1 -1.25e-09      0.00 6.901e-01 2.946e-01 2.180e-03 1.281e-03 6.658e-03 -1.000 1.527e-02 -1.825 2.854 0.993 -0.559 -1.483 -2.334 -3.458 -4.259 -4.457
0.0152 0.01508 9.90309 1.1017330885 2.4919710159    1.087  2.677  3.5788  1.065    3  0.000  0.437     0.00     0.00     0.00     0.00     0.00 -1 -1.46e-09      0.00 6.901e-01 2.946e-01 2.180e-03 1.281e-03 6.658e-03 -1.000 1.527e-02 -1.922 2.850 0.966 -0.596 -1.537 -2.419 -3.564 -4.373 -4.576
0.0152 0.01508 9.90309 1.1017563343 2.4919750690    1.086  2.714  3.5754  1.014    3  0.000  0.437     0.00     0.00     0.00     0.00     0.00 -1 -1.68e-09      0.00 6.901e-01 2.947e-01 2.180e-03 1.281e-03 6.658e-03 -1.000 1.527e-02 -2.014 2.846 0.951 -0.616 -1.577 -2.498 -3.665 -4.482 -4.691
0.0152 0.01508 9.90309 1.1017835140 2.4919795990    1.085  2.760  3.5711  0.950    3  0.000  0.437     0.00     0.00     0.00     0.00     0.00 -1 -2.02e-09      0.00 6.901e-01 2.947e-01 2.180e-03 1.281e-03 6.658e-03 -1.000 1.527e-02 -2.129 2.848 0.936 -0.639 -1.625 -2.596 -3.792 -4.619 -4.834
0.0152 0.01508 9.90309 1.1018084288 2.4919836521    1.084  2.805  3.5667  0.887    3  0.000  0.437     0.00     0.00     0.00     0.00     0.00 -1 -2.41e-09      0.00 6.901e-01 2.947e-01 2.180e-03 1.281e-03 6.658e-03 -1.000 1.527e-02 -2.243 2.848 0.935 -0.642 -1.658 -2.689 -3.918 -4.754 -4.976
0.0152 0.01508 9.90309 1.1018311977 2.4919874668    1.082  2.849  3.5624  0.825    3  0.000  0.437     0.00     0.00     0.00     0.00     0.00 -1 -2.88e-09      0.00 6.901e-01 2.947e-01 2.180e-03 1.281e-03 6.658e-03 -1.000 1.527e-02 -2.354 2.847 0.939 -0.637 -1.685 -2.778 -4.042 -4.886 -5.115
0.0152 0.01508 9.90309 1.1018522978 2.4919910431    1.080  2.894  3.5581  0.762    3  0.000  0.437     0.00     0.00     0.00     0.00     0.00 -1 -3.44e-09      0.00 6.901e-01 2.947e-01 2.180e-03 1.281e-03 6.658e-03 -1.000 1.527e-02 -2.464 2.845 0.953 -0.618 -1.702 -2.863 -4.166 -5.019 -5.255
0.0152 0.01508 9.90309 1.1018716097 2.4919943810    1.078  2.937  3.5537  0.700    3  0.000  0.437     0.00     0.00     0.00     0.00     0.00 -1  -4.1e-09      0.00 6.901e-01 2.947e-01 2.180e-03 1.281e-03 6.658e-03 -1.000 1.527e-02 -2.573 2.843 0.981 -0.581 -1.707 -2.942 -4.287 -5.149 -5.392
0.0152 0.01508 9.90309 1.1018891335 2.4919972420    1.076  2.979  3.5493  0.640    3  0.000  0.437     0.00     0.00     0.00     0.00     0.00 -1 -4.86e-09      0.00 6.901e-01 2.947e-01 2.180e-03 1.281e-03 6.658e-03 -1.000 1.527e-02 -2.677 2.843 1.015 -0.536 -1.705 -3.014 -4.405 -5.275 -5.526
0.0152 0.01508 9.90309 1.1019058228 2.4920001030    1.074  3.021  3.5448  0.579    3  0.000  0.437     0.00     0.00     0.00     0.00     0.00 -1 -5.77e-09      0.00 6.901e-01 2.947e-01 2.180e-03 1.281e-03 6.658e-03 -1.000 1.527e-02 -2.782 2.842 1.072 -0.461 -1.685 -3.074 -4.525 -5.402 -5.660
0.0152 0.01508 9.90309 1.1019209623 2.4920024872    1.071  3.061  3.5403  0.520    3  0.000  0.437     0.00     0.00     0.00     0.00     0.00 -1 -6.82e-09      0.00 6.901e-01 2.947e-01 2.180e-03 1.281e-03 6.658e-03 -1.000 1.527e-02 -2.884 2.843 1.132 -0.381 -1.660 -3.131 -4.641 -5.525 -5.792
0.0152 0.01508 9.90309 1.1019350290 2.4920048714    1.069  3.101  3.5358  0.461    3  0.000  0.437     0.00     0.00     0.00     0.00     0.00 -1 -8.05e-09      0.00 6.901e-01 2.947e-01 2.180e-03 1.281e-03 6.658e-03 -1.000 1.527e-02 -2.984 2.844 1.220 -0.269 -1.617 -3.170 -4.756 -5.647 -5.921
0.0152 0.01508 9.90309 1.1019480228 2.4920070171    1.066  3.141  3.5312  0.402    3  0.000  0.437     0.00     0.00     0.00     0.00     0.00 -1  -9.5e-09      0.00 6.901e-01 2.947e-01 2.180e-03 1.281e-03 6.658e-03 -1.000 1.527e-02 -3.082 2.848 1.315 -0.148 -1.569 -3.206 -4.870 -5.767 -6.050
0.0152 0.01508 9.90309 1.1019603014 2.4920091629    1.062  3.180  3.5267  0.343    3  0.000  0.437     0.00     0.00     0.00     0.00     0.00 -1 -1.12e-08      0.00 6.901e-01 2.947e-01 2.180e-03 1.281e-03 6.658e-03 -1.000 1.527e-02 -3.179 2.850 1.431 -0.000 -1.506 -3.219 -4.984 -5.884 -6.177
0.0152 0.01508 9.90309 1.1019715071 2.4920110703    1.059  3.217  3.5221  0.286    3  0.000  0.437     0.00     0.00     0.00     0.00     0.00 -1 -1.31e-08      0.00 6.901e-01 2.947e-01 2.180e-03 1.281e-03 6.658e-03 -1.000 1.527e-02 -3.273 2.856 1.564 0.166 -1.431 -3.218 -5.093 -5.999 -6.301
0.0152 0.01508 9.90309 1.1019819975 2.4920127392    1.055  3.254  3.5175  0.229    3  0.000  0.436     0.00     0.00     0.00     0.00     0.00 -1 -1.54e-08      0.00 6.901e-01 2.947e-01 2.180e-03 1.281e-03 6.658e-03 -1.000 1.527e-02 -3.366 2.864 1.720 0.366 -1.335 -3.193 -5.201 -6.111 -6.423
0.0152 0.01508 9.90309 1.1019918919 2.4920144081    1.050  3.291  3.5129  0.172    3  0.000  0.436     0.00     0.00     0.00     0.00     0.00 -1  -1.8e-08      0.00 6.901e-01 2.947e-01 2.180e-03 1.281e-03 6.658e-03 -1.000 1.527e-02 -3.456 2.874 1.897 0.595 -1.220 -3.147 -5.307 -6.222 -6.544
0.0152 0.01508 9.90309 1.1020011902 2.4920160770    1.046  3.326  3.5083  0.117    3  0.000  0.436     0.00     0.00     0.00     0.00     0.00 -1  -2.1e-08      0.00 6.901e-01 2.947e-01 2.180e-03 1.281e-03 6.658e-03 -1.000 1.527e-02 -3.545 2.881 2.057 0.805 -1.115 -3.102 -5.410 -6.330 -6.661
0.0152 0.01508 9.90309 1.1020100117 2.4920175076    1.040  3.361  3.5037  0.061    3  0.000  0.436     0.00     0.00     0.00     0.00     0.00 -1 -2.46e-08      0.00 6.901e-01 2.947e-01 2.180e-03 1.281e-03 6.658e-03 -1.000 1.527e-02 -3.632 2.883 2.203 0.994 -1.020 -3.056 -5.513 -6.437 -6.776
0.0152 0.01508 9.90309 1.1020207405 2.4920191765    1.033  3.402  3.4984 -0.004    3  0.000  0.436     0.00     0.00     0.00     0.00     0.00 -1 -2.96e-08      0.00 6.901e-01 2.947e-01 2.180e-03 1.281e-03 6.658e-03 -1.000 1.527e-02 -3.734 2.889 2.378 1.215 -0.906 -2.993 -5.630 -6.560 -6.911
0.0152 0.01508 9.90309 1.1020207405 2.4920191765    1.032  1.695  3.6679  2.381    4  0.000  0.455     0.00     0.00     0.00     0.00     0.00 -1    -1e-30      0.00 6.922e-01 2.927e-01 2.266e-03 1.168e-03 6.639e-03 -1.000 1.516e-02 0.533 3.027 2.023 0.950 0.327 -0.172 -0.905 -1.493 -1.576
0.0152 0.01508 9.90309 1.1021342278 2.4920382500    1.033  1.703  3.6673  2.370    4  0.000  0.455     0.00     0.00     0.00     0.00     0.00 -1    -1e-30      0.00 6.921e-01 2.927e-01 2.265e-03 1.168e-03 6.639e-03 -1.000 1.516e-02 0.512 3.023 2.009 0.933 0.307 -0.193 -0.929 -1.518 -1.601
0.0152 0.01508 9.90309 1.1022506952 2.4920578003    1.033  1.707  3.6671  2.365    4  0.000  0.455     0.00     0.00     0.00     0.00     0.00 -1    -1e-30      0.00 6.921e-01 2.927e-01 2.265e-03 1.169e-03 6.639e-03 -1.000 1.516e-02 0.502 3.019 2.002 0.925 0.298 -0.202 -0.939 -1.529 -1.613
0.0152 0.01508 9.90309 1.1023684740 2.4920775890    1.033  1.707  3.6674  2.366    4  0.000  0.455     0.00     0.00     0.00     0.00     0.00 -1    -1e-30      0.00 6.921e-01 2.927e-01 2.265e-03 1.169e-03 6.639e-03 -1.000 1.516e-02 0.502 3.014 2.000 0.924 0.298 -0.202 -0.938 -1.527 -1.611
0.0152 0.01508 9.90309 1.1024874449 2.4920973778    1.033  1.705  3.6678  2.370    4  0.000  0.455     0.00     0.00     0.00     0.00     0.00 -1    -1e-30      0.00 6.921e-01 2.927e-01 2.265e-03 1.169e-03 6.639e-03 -1.000 1.516e-02 0.508 3.009 2.000 0.926 0.302 -0.197 -0.932 -1.520 -1.603
0.0152 0.01508 9.90309 1.1026084423 2.4921176434    1.033  1.702  3.6683  2.375    4  0.000  0.455     0.00     0.00     0.00     0.00     0.00 -1    -1e-30      0.00 6.921e-01 2.927e-01 2.265e-03 1.169e-03 6.639e-03 -1.000 1.516e-02 0.514 3.003 2.001 0.929 0.307 -0.191 -0.924 -1.510 -1.593
0.0152 0.01508 9.90309 1.1027280092 2.4921376705    1.033  1.700  3.6688  2.380    4  0.000  0.455     0.00     0.00     0.00     0.00     0.00 -1    -1e-30      0.00 6.921e-01 2.927e-01 2.265e-03 1.170e-03 6.639e-03 -1.000 1.516e-02 0.521 2.997 2.002 0.933 0.312 -0.185 -0.915 -1.500 -1.583
0.0152 0.01508 9.90309 1.1028472185 2.4921574593    1.033  1.697  3.6693  2.384    4  0.000  0.455     0.00     0.00     0.00     0.00     0.00 -1    -1e-30      0.00 6.921e-01 2.927e-01 2.264e-03 1.170e-03 6.639e-03 -1.000 1.516e-02 0.528 2.991 2.002 0.936 0.317 -0.178 -0.907 -1.491 -1.572
0.0152 0.01508 9.90309 1.1029673815 2.4921777248    1.034  1.694  3.6697  2.389    4  0.000  0.455     0.00     0.00     0.00     0.00     0.00 -1    -1e-30      0.00 6.921e-01 2.927e-01 2.264e-03 1.170e-03 6.639e-03 -1.000 1.516e-02 0.534 2.985 2.003 0.939 0.322 -0.172 -0.899 -1.481 -1.563
0.0152 0.01508 9.90309 1.1030836105 2.4921970367    1.034  1.692  3.6702  2.393    4  0.000  0.455     0.00     0.00     0.00     0.00     0.00 -1    -1e-30      0.00 6.921e-01 2.927e-01 2.264e-03 1.170e-03 6.639e-03 -1.000 1.516e-02 0.540 2.981 2.004 0.942 0.326 -0.167 -0.892 -1.473 -1.555
0.0152 0.01508 9.90309 1.1032063961 2.4922175407    1.034  1.690  3.6706  2.397    4  0.000  0.455     0.00     0.00     0.00     0.00     0.00 -1    -1e-30      0.00 6.921e-01 2.927e-01 2.264e-03 1.170e-03 6.639e-03 -1.000 1.516e-02 0.545 2.976 2.004 0.945 0.330 -0.162 -0.886 -1.466 -1.547
0.0152 0.01508 9.90309 1.1033229828 2.4922370911    1.034  1.689  3.6709  2.400    4  0.000  0.455     0.00     0.00     0.00     0.00     0.00 -1    -1e-30      0.00 6.921e-01 2.927e-01 2.264e-03 1.171e-03 6.639e-03 -1.000 1.516e-02 0.549 2.972 2.004 0.947 0.333 -0.159 -0.881 -1.460 -1.541
0.0152 0.01508 9.90309 1.1034381390 2.4922561646    1.034  1.687  3.6712  2.402    4  0.000  0.455     0.00     0.00     0.00     0.00     0.00 -1    -1e-30      0.00 6.921e-01 2.927e-01 2.264e-03 1.171e-03 6.639e-03 -1.000 1.516e-02 0.552 2.968 2.004 0.948 0.336 -0.155 -0.876 -1.454 -1.535
0.0152 0.01508 9.90309 1.1035655737 2.4922773838    1.034  1.686  3.6715  2.405    4  0.000  0.455     0.00     0.00     0.00     0.00     0.00 -1    -1e-30      0.00 6.921e-01 2.927e-01 2.263e-03 1.171e-03 6.639e-03 -1.000 1.516e-02 0.555 2.964 2.004 0.950 0.338 -0.152 -0.872 -1.449 -1.530
0.0152 0.01508 9.90309 1.1036622524 2.4922935963    1.034  1.685  3.6717  2.407    4  0.000  0.454     0.00     0.00     0.00     0.00     0.00 -1    -1e-30      0.00 6.921e-01 2.928e-01 2.263e-03 1.171e-03 6.639e-03 -1.000 1.516e-02 0.558 2.961 2.004 0.951 0.340 -0.150 -0.869 -1.446 -1.526
0.0152 0.01508 9.90309 1.1036901474 2.4922983646    1.034  1.685  3.6718  2.407    4  0.000  0.454     0.00     0.00     0.00     0.00     0.00 -1    -1e-30      0.00 6.921e-01 2.928e-01 2.263e-03 1.171e-03 6.639e-03 -1.000 1.516e-02 0.558 2.960 2.004 0.951 0.340 -0.150 -0.869 -1.445 -1.525
0.0152 0.01508 9.90309 1.1038150787 2.4923191071    1.035  1.684  3.6720  2.409    4  0.000  0.454     0.00     0.00     0.00     0.00     0.00 -1    -1e-30      0.00 6.921e-01 2.928e-01 2.263e-03 1.172e-03 6.639e-03 -1.000 1.516e-02 0.560 2.956 2.003 0.951 0.342 -0.148 -0.866 -1.441 -1.521
0.0152 0.01508 9.90309 1.1039357185 2.4923391342    1.035  1.683  3.6722  2.410    4  0.000  0.454     0.00     0.00     0.00     0.00     0.00 -1    -1e-30      0.00 6.921e-01 2.928e-01 2.263e-03 1.172e-03 6.639e-03 -1.000 1.516e-02 0.562 2.953 2.002 0.952 0.343 -0.146 -0.864 -1.439 -1.519
0.0152 0.01508 9.90309 1.1040472984 2.4923577309    1.035  1.683  3.6724  2.411    4  0.000  0.454     0.00     0.00     0.00     0.00     0.00 -1    -1e-30      0.00 6.921e-01 2.928e-01 2.263e-03 1.172e-03 6.640e-03 -1.000 1.516e-02 0.562 2.950 2.001 0.951 0.343 -0.146 -0.863 -1.437 -1.517
0.0152 0.01508 9.90309 1.1041703224 2.4923782349    1.035  1.683  3.6725  2.412    4  0.000  0.454     0.00     0.00     0.00     0.00     0.00 -1    -1e-30      0.00 6.921e-01 2.928e-01 2.263e-03 1.172e-03 6.640e-03 -1.000 1.516e-02 0.562 2.947 2.000 0.951 0.342 -0.146 -0.862 -1.436 -1.516
0.0152 0.01508 9.90309 1.1042879820 2.4923980236    1.035  1.683  3.6726  2.412    4  0.000  0.454     0.00     0.00     0.00     0.00     0.00 -1    -1e-30      0.00 6.921e-01 2.928e-01 2.263e-03 1.172e-03 6.640e-03 -1.000 1.516e-02 0.561 2.944 1.998 0.949 0.341 -0.147 -0.863 -1.437 -1.517
0.0152 0.01508 9.90309 1.1044086218 2.4924180508    1.035  1.684  3.6726  2.411    4  0.000  0.454     0.00     0.00     0.00     0.00     0.00 -1    -1e-30      0.00 6.921e-01 2.928e-01 2.262e-03 1.173e-03 6.640e-03 -1.000 1.516e-02 0.559 2.942 1.996 0.947 0.339 -0.149 -0.865 -1.438 -1.518
0.0152 0.01508 9.90309 1.1045295000 2.4924380779    1.035  1.685  3.6726  2.410    4  0.000  0.454     0.00     0.00     0.00     0.00     0.00 -1    -1e-30      0.00 6.921e-01 2.928e-01 2.262e-03 1.173e-03 6.640e-03 -1.000 1.516e-02 0.556 2.940 1.993 0.944 0.336 -0.152 -0.868 -1.441 -1.521
0.0152 0.01508 9.90309 1.1045758724 2.4924459457    1.036  1.686  3.6726  2.409    4  0.000  0.454     0.00     0.00     0.00     0.00     0.00 -1    -1e-30      0.00 6.921e-01 2.928e-01 2.262e-03 1.173e-03 6.640e-03 -1.000 1.516e-02 0.555 2.939 1.992 0.943 0.335 -0.153 -0.870 -1.443 -1.523
0.0152 0.01508 9.90309 1.1046901941 2.4924650192    1.036  1.688  3.6725  2.407    4  0.000  0.454     0.00     0.00     0.00     0.00     0.00 -1    -1e-30      0.00 6.920e-01 2.928e-01 2.262e-03 1.173e-03 6.640e-03 -1.000 1.516e-02 0.550 2.937 1.989 0.939 0.331 -0.158 -0.874 -1.448 -1.528
0.0152 0.01508 9.90309 1.1048029661 2.4924836159    1.036  1.690  3.6723  2.405    4  0.000  0.454     0.00     0.00     0.00     0.00     0.00 -1    -1e-30      0.00 6.920e-01 2.928e-01 2.262e-03 1.173e-03 6.640e-03 -1.000 1.516e-02 0.545 2.936 1.985 0.934 0.325 -0.163 -0.881 -1.455 -1.535
0.0152 0.01508 9.90309 1.1049153805 2.4925024509    1.036  1.693  3.6721  2.401    4  0.000  0.454     0.00     0.00     0.00     0.00     0.00 -1    -1e-30      0.00 6.920e-01 2.928e-01 2.262e-03 1.174e-03 6.640e-03 -1.000 1.516e-02 0.538 2.934 1.980 0.928 0.319 -0.170 -0.888 -1.463 -1.543
0.0152 0.01508 9.90309 1.1050305367 2.4925215244    1.036  1.697  3.6718  2.396    4  0.000  0.454     0.00     0.00     0.00     0.00     0.00 -1    -1e-30      0.00 6.920e-01 2.928e-01 2.262e-03 1.174e-03 6.640e-03 -1.000 1.516e-02 0.529 2.933 1.975 0.921 0.311 -0.179 -0.898 -1.474 -1.554
0.0152 0.01508 9.90309 1.1051440239 2.4925403595    1.036  1.701  3.6715  2.391    4  0.000  0.454     0.00     0.00     0.00     0.00     0.00 -1    -1e-30      0.00 6.920e-01 2.928e-01 2.261e-03 1.174e-03 6.640e-03 -1.000 1.516e-02 0.518 2.932 1.969 0.913 0.301 -0.189 -0.910 -1.487 -1.567
0.0152 0.01508 9.90309 1.1052575111 2.4925594330    1.036  1.706  3.6710  2.384    4  0.000  0.454     0.00     0.00     0.00     0.00     0.00 -1    -1e-30      0.00 6.920e-01 2.928e-01 2.261e-03 1.174e-03 6.640e-03 -1.000 1.516e-02 0.506 2.930 1.962 0.903 0.290 -0.201 -0.924 -1.501 -1.582
0.0152 0.01508 9.90309 1.1053704023 2.4925780296    1.037  1.712  3.6704  2.376    4  0.000  0.454     0.00     0.00     0.00     0.00     0.00 -1    -1e-30      0.00 6.920e-01 2.928e-01 2.261e-03 1.174e-03 6.640e-03 -1.000 1.516e-02 0.490 2.929 1.953 0.891 0.276 -0.217 -0.941 -1.521 -1.602
0.0152 0.01508 9.90309 1.1054824591 2.4925966263    1.037  1.719  3.6697  2.365    4  0.000  0.454     0.00     0.00     0.00     0.00     0.00 -1    -1e-30      0.00 6.920e-01 2.928e-01 2.261e-03 1.175e-03 6.640e-03 -1.000 1.516e-02 0.471 2.929 1.943 0.876 0.259 -0.236 -0.963 -1.544 -1.626
0.0152 0.01508 9.90309 1.1055973768 2.4926159382    1.037  1.729  3.6688  2.352    4  0.000  0.454     0.00     0.00     0.00     0.00     0.00 -1    -1e-30      0.00 6.920e-01 2.928e-01 2.261e-03 1.175e-03 6.640e-03 -1.000 1.516e-02 0.448 2.930 1.931 0.859 0.239 -0.258 -0.988 -1.573 -1.655
0.0152 0.01508 9.90309 1.1057138443 2.4926352501    1.037  1.737  3.6681  2.341    4  0.000  0.454     0.00     0.00     0.00     0.00     0.00 -1    -1e-30      0.00 6.920e-01 2.928e-01 2.261e-03 1.175e-03 6.640e-03 -1.000 1.516e-02 0.427 2.929 1.919 0.843 0.220 -0.279 -1.012 -1.598 -1.681
0.0152 0.01508 9.90309 1.1058293581 2.4926543236    1.037  1.765  3.6655  2.303    4  0.000  0.454     0.00     0.00     0.00     0.00     0.00 -1    -1e-30      0.00 6.920e-01 2.928e-01 2.260e-03 1.175e-03 6.640e-03 -1.000 1.516e-02 0.357 2.927 1.881 0.790 0.158 -0.346 -1.089 -1.683 -1.768
0.0152 0.01508 9.90309 1.1059191227 2.4926693439    1.037  1.802  3.6621  2.252    4  0.000  0.454     0.00     0.00     0.00     0.00     0.00 -1    -1e-30      0.00 6.920e-01 2.928e-01 2.260e-03 1.175e-03 6.640e-03 -1.000 1.516e-02 0.264 2.925 1.831 0.719 0.075 -0.436 -1.193 -1.797 -1.883
0.0152 0.01508 9.90309 1.1059638262 2.4926767349    1.037  1.840  3.6587  2.201    4  0.000  0.454     0.00     0.00     0.00     0.00     0.00 -1    -1e-30      0.00 6.920e-01 2.928e-01 2.260e-03 1.176e-03 6.640e-03 -1.000 1.516e-02 0.171 2.925 1.782 0.650 -0.007 -0.526 -1.296 -1.910 -1.999
0.0152 0.01508 9.90309 1.1059888601 2.4926807880    1.037  1.879  3.6551  2.147    4  0.000  0.454     0.00     0.00     0.00     0.00     0.00 -1    -1e-30      0.00 6.920e-01 2.928e-01 2.260e-03 1.176e-03 6.640e-03 -1.000 1.516e-02 0.072 2.927 1.732 0.577 -0.093 -0.621 -1.405 -2.030 -2.121
0.0152 0.01508 9.90309 1.1060012579 2.4926829338    1.037  1.916  3.6518  2.098    4  0.000  0.454     0.00     0.00     0.00     0.00     0.00 -1    -1e-30      0.00 6.920e-01 2.928e-01 2.260e-03 1.176e-03 6.640e-03 -1.000 1.516e-02 -0.019 2.929 1.684 0.509 -0.173 -0.709 -1.506 -2.141 -2.234
0.0152 0.01508 9.90309 1.1060079336 2.4926841259    1.037  1.954  3.6484  2.045    4  0.000  0.454     0.00     0.00     0.00     0.00     0.00 -1    -1e-30      0.00 6.920e-01 2.928e-01 2.260e-03 1.176e-03 6.640e-03 -1.000 1.516e-02 -0.115 2.933 1.636 0.440 -0.255 -0.801 -1.611 -2.257 -2.353
0.0152 0.01508 9.90309 1.1060117483 2.4926846027    1.037  1.991  3.6452  1.995    4  0.000  0.454     0.00     0.00     0.00     0.00     0.00 -1    -1e-30      0.00 6.920e-01 2.928e-01 2.260e-03 1.176e-03 6.640e-03 -1.000 1.516e-02 -0.208 2.936 1.591 0.373 -0.334 -0.889 -1.713 -2.368 -2.466
0.0152 0.01508 9.90309 1.1060143709 2.4926850796    1.037  2.028  3.6419  1.945    4  0.000  0.454     0.00     0.00     0.00     0.00     0.00 -1    -1e-30      0.00 6.920e-01 2.928e-01 2.260e-03 1.176e-03 6.640e-03 -1.000 1.516e-02 -0.301 2.918 1.546 0.304 -0.413 -0.976 -1.813 -2.474 -2.576
0.0152 0.01508 9.90309 1.1060156822 2.4926853180    1.037  2.054  3.6397  1.911    7  0.000  0.454     0.00     0.00     0.00     0.00     0.00 -1    -1e-30      0.00 6.920e-01 2.928e-01 2.260e-03 1.176e-03 6.640e-03 -1.000 1.516e-02 -0.364 2.905 1.514 0.256 -0.467 -1.034 -1.881 -2.545 -2.651
0.0152 0.01508 9.90309 1.1060162783 2.4926853180    1.037  2.065  3.6387  1.896    7  0.000  0.454     0.00     0.00     0.00     0.00     0.00 -1    -1e-30      0.00 6.920e-01 2.928e-01 2.260e-03 1.176e-03 6.640e-03 -1.000 1.516e-02 -0.393 2.898 1.500 0.235 -0.491 -1.061 -1.912 -2.578 -2.686
0.0152 0.01508 9.90309 1.1060181856 2.4926857948    1.037  2.108  3.6351  1.839    7  0.000  0.454     0.00     0.00     0.00     0.00     0.00 -1    -1e-30      0.00 6.920e-01 2.928e-01 2.260e-03 1.176e-03 6.640e-03 -1.000 1.516e-02 -0.499 2.873 1.448 0.157 -0.579 -1.159 -2.025 -2.697 -2.811
0.0152 0.01508 9.90309 1.1060198545 2.4926860332    1.037  2.145  3.6320  1.789    7  0.000  0.454     0.00     0.00     0.00     0.00     0.00 -1    -1e-30      0.00 6.920e-01 2.928e-01 2.260e-03 1.176e-03 6.640e-03 -1.000 1.516e-02 -0.592 2.848 1.402 0.089 -0.655 -1.244 -2.124 -2.802 -2.920
0.0152 0.01508 9.90309 1.1060215235 2.4926862717    1.037  2.172  3.6296  1.752    7  0.000  0.454     0.00     0.00     0.00     0.00     0.00 -1    -1e-30      0.00 6.920e-01 2.928e-01 2.260e-03 1.176e-03 6.640e-03 -1.000 1.516e-02 -0.661 2.828 1.366 0.037 -0.712 -1.308 -2.197 -2.879 -3.002
0.0152 0.01508 9.90309 1.1060233116 2.4926865101    1.037  2.191  3.6280  1.727    7  0.000  0.454     0.00     0.00     0.00     0.00     0.00 -1    -1e-30      0.00 6.920e-01 2.928e-01 2.260e-03 1.176e-03 6.640e-03 -1.000 1.516e-02 -0.708 2.813 1.342 0.003 -0.750 -1.350 -2.247 -2.932 -3.057
0.0152 0.01508 9.90309 1.1060281992 2.4926874638    1.037  2.171  3.6298  1.754    7  0.000  0.454     0.00     0.00     0.00     0.00     0.00 -1    -1e-30      0.00 6.920e-01 2.928e-01 2.260e-03 1.176e-03 6.640e-03 -1.000 1.516e-02 -0.657 2.827 1.367 0.039 -0.710 -1.304 -2.193 -2.874 -2.997
0.0152 0.01508 9.90309 1.1060316563 2.4926879406    1.037  2.145  3.6320  1.789    7  0.000  0.454     0.00     0.00     0.00     0.00     0.00 -1    -1e-30      0.00 6.920e-01 2.928e-01 2.260e-03 1.176e-03 6.640e-03 -1.000 1.516e-02 -0.593 2.845 1.399 0.087 -0.657 -1.245 -2.124 -2.802 -2.920
0.0152 0.01508 9.90309 1.1060392857 2.4926891327    1.037  2.113  3.6348  1.832    7  0.000  0.454     0.00     0.00     0.00     0.00     0.00 -1 -1.66e-30      0.00 6.920e-01 2.928e-01 2.260e-03 1.176e-03 6.640e-03 -1.000 1.517e-02 -0.513 2.867 1.440 0.146 -0.590 -1.172 -2.039 -2.712 -2.826
0.0152 0.01508 9.90309 1.1060550213 2.4926917553    1.037  2.102  3.6357  1.847    7  0.000  0.454     0.00     0.00     0.00     0.00     0.00 -1 -6.92e-28      0.00 6.920e-01 2.927e-01 2.260e-03 1.176e-03 6.640e-03 -1.000 1.532e-02 -0.484 2.874 1.454 0.167 -0.567 -1.146 -2.009 -2.680 -2.793
0.0152 0.01508 9.90309 1.1061390638 2.4927058220    1.037  2.125  3.6336  1.816    7  0.000  0.454     0.00     0.00     0.00     0.00     0.00 -1 -5.82e-10      0.00 6.920e-01 2.917e-01 2.260e-03 1.176e-03 6.640e-03 -1.000 1.631e-02 -0.542 2.862 1.427 0.126 -0.614 -1.198 -2.070 -2.745 -2.861
0.0152 0.01508 9.90309 1.1061940193 2.4927148819    1.036  2.169  3.6298  1.755    7  0.000  0.454     0.00     0.00     0.00     0.00     0.00 -1 -7.32e-10      0.00 6.920e-01 2.917e-01 2.260e-03 1.176e-03 6.640e-03 -1.000 1.631e-02 -0.653 2.833 1.371 0.044 -0.706 -1.300 -2.189 -2.871 -2.993
0.0152 0.01508 9.90309 1.1062405109 2.4927227497    1.035  2.212  3.6261  1.697    7  0.000  0.454     0.00     0.00     0.00     0.00     0.00 -1  -9.1e-10      0.00 6.920e-01 2.917e-01 2.260e-03 1.176e-03 6.640e-03 -1.000 1.631e-02 -0.760 2.799 1.317 -0.033 -0.791 -1.398 -2.303 -2.991 -3.120
0.0152 0.01508 9.90309 1.1062802076 2.4927291870    1.034  2.255  3.6224  1.639    7  0.000  0.454     0.00     0.00     0.00     0.00     0.00 -1 -1.14e-09      0.00 6.920e-01 2.917e-01 2.260e-03 1.176e-03 6.641e-03 -1.000 1.631e-02 -0.868 2.763 1.262 -0.111 -0.877 -1.495 -2.417 -3.111 -3.247
0.0152 0.01508 9.90309 1.1063133478 2.4927346706    1.033  2.298  3.6188  1.582    7  0.000  0.454     0.00     0.00     0.00     0.00     0.00 -1 -1.41e-09      0.00 6.920e-01 2.917e-01 2.260e-03 1.176e-03 6.641e-03 -1.000 1.631e-02 -0.974 2.725 1.207 -0.187 -0.961 -1.590 -2.528 -3.229 -3.372
0.0152 0.01508 9.90309 1.1063413620 2.4927394390    1.032  2.339  3.6152  1.526    7  0.000  0.454     0.00     0.00     0.00     0.00     0.00 -1 -1.75e-09      0.00 6.920e-01 2.917e-01 2.260e-03 1.176e-03 6.641e-03 -1.000 1.631e-02 -1.077 2.687 1.154 -0.258 -1.041 -1.682 -2.637 -3.345 -3.495
0.0152 0.01508 9.90309 1.1063659191 2.4927434921    1.031  2.380  3.6117  1.470    7  0.000  0.454     0.00     0.00     0.00     0.00     0.00 -1 -2.14e-09      0.00 6.920e-01 2.917e-01 2.260e-03 1.176e-03 6.641e-03 -1.000 1.631e-02 -1.180 2.676 1.107 -0.326 -1.120 -1.775 -2.747 -3.463 -3.619
0.0152 0.01508 9.90309 1.1063874960 2.4927470684    1.029  2.421  3.6081  1.414    7  0.000  0.454     0.00     0.00     0.00     0.00     0.00 -1 -2.64e-09      0.00 6.920e-01 2.917e-01 2.260e-03 1.176e-03 6.641e-03 -1.000 1.631e-02 -1.283 2.687 1.066 -0.387 -1.197 -1.868 -2.858 -3.584 -3.745
0.0152 0.01508 9.90309 1.1064068079 2.4927501678    1.028  2.462  3.6045  1.358    7  0.000  0.454     0.00     0.00     0.00     0.00     0.00 -1 -3.24e-09      0.00 6.920e-01 2.917e-01 2.260e-03 1.176e-03 6.641e-03 -1.000 1.631e-02 -1.384 2.697 1.027 -0.446 -1.271 -1.961 -2.967 -3.703 -3.870
0.0152 0.01508 9.90309 1.1064245701 2.4927532673    1.026  2.503  3.6009  1.302    7  0.000  0.454     0.00     0.00     0.00     0.00     0.00 -1 -3.96e-09      0.00 6.920e-01 2.917e-01 2.260e-03 1.176e-03 6.641e-03 -1.000 1.631e-02 -1.486 2.710 0.989 -0.504 -1.345 -2.053 -3.077 -3.824 -3.995
0.0152 0.01508 9.90309 1.1064411402 2.4927558899    1.024  2.543  3.5972  1.246    7  0.000  0.454     0.00     0.00     0.00     0.00     0.00 -1 -4.82e-09      0.00 6.920e-01 2.917e-01 2.259e-03 1.177e-03 6.641e-03 -1.000 1.630e-02 -1.588 2.719 0.954 -0.556 -1.413 -2.145 -3.188 -3.944 -4.122
0.0152 0.01508 9.90309 1.1064566374 2.4927585125    1.022  2.584  3.5917  1.183    7  0.000  0.453     0.00     0.00     0.00     0.00     0.00 -1 -5.92e-09      0.00 6.920e-01 2.917e-01 2.258e-03 1.177e-03 6.641e-03 -1.000 1.629e-02 -1.689 2.768 0.951 -0.580 -1.460 -2.229 -3.301 -4.073 -4.258
0.0152 0.01508 9.90309 1.1064678431 2.4927604198    1.021  2.614  3.5863  1.130    7  0.000  0.453     0.00     0.00     0.00     0.00     0.00 -1 -6.83e-09      0.00 6.920e-01 2.917e-01 2.256e-03 1.179e-03 6.641e-03 -1.000 1.629e-02 -1.766 2.829 0.977 -0.570 -1.476 -2.289 -3.390 -4.178 -4.370
0.0152 0.01508 9.90309 1.1064817905 2.4927625656    1.018  2.655  3.5820  1.071    7  0.000  0.452     0.00     0.00     0.00     0.00     0.00 -1 -8.34e-09      0.00 6.920e-01 2.917e-01 2.252e-03 1.182e-03 6.641e-03 -1.000 1.629e-02 -1.867 2.846 0.962 -0.599 -1.526 -2.375 -3.501 -4.300 -4.499
0.0152 0.01508 9.90309 1.1064949036 2.4927649498    1.015  2.695  3.5780  1.013    7  0.000  0.451     0.00     0.00     0.00     0.00     0.00 -1 -1.01e-08      0.00 6.920e-01 2.917e-01 2.245e-03 1.189e-03 6.641e-03 -1.000 1.629e-02 -1.967 2.853 0.947 -0.624 -1.572 -2.461 -3.611 -4.421 -4.626
0.0152 0.01508 9.90309 1.1065071821 2.4927668571    1.011  2.735  3.5739  0.956    7  0.000  0.449     0.00     0.00     0.00     0.00     0.00 -1 -1.23e-08      0.00 6.920e-01 2.917e-01 2.238e-03 1.197e-03 6.641e-03 -1.000 1.629e-02 -2.066 2.862 0.942 -0.636 -1.607 -2.545 -3.722 -4.541 -4.752
0.0152 0.01508 9.90309 1.1065186262 2.4927687645    1.008  2.775  3.5696  0.896    7  0.000  0.448     0.00     0.00     0.00     0.00     0.00 -1  -1.5e-08      0.00 6.920e-01 2.917e-01 2.233e-03 1.205e-03 6.641e-03 -1.000 1.629e-02 -2.168 2.874 0.940 -0.645 -1.642 -2.630 -3.835 -4.664 -4.883
0.0152 0.01508 9.90309 1.1065273285 2.4927701950    1.004  2.816  3.5653  0.837    7  0.000  0.447     0.00     0.00     0.00     0.00     0.00 -1 -1.82e-08      0.00 6.920e-01 2.917e-01 2.227e-03 1.212e-03 6.641e-03 -1.000 1.628e-02 -2.270 2.880 0.952 -0.631 -1.659 -2.710 -3.951 -4.788 -5.013
0.0152 0.01508 9.90309 1.1065332890 2.4927711487    1.001  2.855  3.5610  0.779    7  0.000  0.446     0.00     0.00     0.00     0.00     0.00 -1 -2.18e-08      0.00 6.920e-01 2.917e-01 2.222e-03 1.217e-03 6.641e-03 -1.000 1.628e-02 -2.368 2.888 0.968 -0.613 -1.673 -2.786 -4.061 -4.908 -5.140
0.0152 0.01508 9.90309 1.1065378189 2.4927718639    0.998  2.893  3.5567  0.723    7  0.000  0.445     0.00     0.00     0.00     0.00     0.00 -1 -2.63e-08      0.00 6.920e-01 2.917e-01 2.218e-03 1.223e-03 6.641e-03 -1.000 1.628e-02 -2.463 2.896 1.002 -0.572 -1.670 -2.853 -4.169 -5.024 -5.263
0.0152 0.01508 9.90309 1.1065419912 2.4927725792    0.995  2.932  3.5522  0.665    7  0.000  0.444     0.00     0.00     0.00     0.00     0.00 -1 -3.13e-08      0.00 6.920e-01 2.917e-01 2.214e-03 1.227e-03 6.641e-03 -1.000 1.628e-02 -2.560 2.903 1.043 -0.521 -1.661 -2.920 -4.279 -5.143 -5.390
0.0152 0.01508 9.90309 1.1065458059 2.4927732944    0.992  2.971  3.5476  0.606    7  0.000  0.444     0.00     0.00     0.00     0.00     0.00 -1 -3.73e-08      0.00 6.920e-01 2.917e-01 2.211e-03 1.231e-03 6.641e-03 -1.000 1.628e-02 -2.658 2.911 1.100 -0.447 -1.638 -2.978 -4.391 -5.264 -5.518
0.0152 0.01508 9.90309 1.1065493822 2.4927737713    0.988  3.009  3.5430  0.548    7  0.000  0.443     0.00     0.00     0.00     0.00     0.00 -1 -4.45e-08      0.00 6.920e-01 2.917e-01 2.209e-03 1.233e-03 6.641e-03 -1.000 1.628e-02 -2.752 2.919 1.169 -0.358 -1.605 -3.026 -4.500 -5.380 -5.642
0.0152 0.01508 9.90309 1.1065529585 2.4927744865    0.984  3.048  3.5380  0.487    7  0.000  0.443     0.00     0.00     0.00     0.00     0.00 -1 -5.33e-08      0.00 6.920e-01 2.917e-01 2.207e-03 1.235e-03 6.641e-03 -1.000 1.628e-02 -2.850 2.930 1.261 -0.241 -1.555 -3.067 -4.615 -5.502 -5.773
0.0152 0.01508 9.90309 1.1065566540 2.4927749634    0.978  3.088  3.5327  0.423    7  0.000  0.443     0.00     0.00     0.00     0.00     0.00 -1 -6.37e-08      0.00 6.920e-01 2.917e-01 2.207e-03 1.236e-03 6.641e-03 -1.000 1.628e-02 -2.950 2.945 1.384 -0.086 -1.484 -3.094 -4.733 -5.628 -5.908
0.0152 0.01508 9.90309 1.1065603495 2.4927756786    0.971  3.124  3.5277  0.364    7  0.000  0.443     0.00     0.00     0.00     0.00     0.00 -1 -7.65e-08      0.00 6.920e-01 2.917e-01 2.207e-03 1.236e-03 6.641e-03 -1.000 1.628e-02 -3.041 2.960 1.516 0.080 -1.405 -3.101 -4.841 -5.741 -6.031
0.0152 0.01508 9.90309 1.1065645218 2.4927763939    0.963  3.161  3.5225  0.303    7  0.000  0.443     0.00     0.00     0.00     0.00     0.00 -1 -9.19e-08      0.00 6.920e-01 2.917e-01 2.207e-03 1.236e-03 6.641e-03 -1.000 1.628e-02 -3.132 2.980 1.683 0.286 -1.303 -3.083 -4.951 -5.856 -6.157
0.0152 0.01508 9.90309 1.1065688133 2.4927771091    0.951  3.196  3.5171  0.240    7  0.000  0.443     0.00     0.00     0.00     0.00     0.00 -1 -1.09e-07      0.00 6.920e-01 2.917e-01 2.207e-03 1.236e-03 6.641e-03 -1.000 1.628e-02 -3.221 3.005 1.882 0.536 -1.173 -3.036 -5.058 -5.969 -6.281
0.0152 0.01508 9.90309 1.1065714359 2.4927775860    0.943  3.222  3.5133  0.196    7  0.000  0.443     0.00     0.00     0.00     0.00     0.00 -1 -1.25e-07      0.00 6.920e-01 2.917e-01 2.207e-03 1.236e-03 6.641e-03 -1.000 1.628e-02 -3.284 3.024 2.037 0.735 -1.067 -2.986 -5.132 -6.048 -6.368
0.0152 0.01508 9.90309 1.1065719128 2.4927775860    0.942  3.236  3.5112  0.172    7  0.000  0.443     0.00     0.00     0.00     0.00     0.00 -1 -1.34e-07      0.00 6.920e-01 2.917e-01 2.207e-03 1.236e-03 6.641e-03 -1.000 1.628e-02 -3.321 3.031 2.122 0.845 -1.010 -2.960 -5.176 -6.094 -6.419
0.0152 0.01508 9.90309 1.1065728664 2.4927778244    0.938  3.173  3.5194  0.267    7  0.000  0.443     0.00     0.00     0.00     0.00     0.00 -1 -1.04e-07      0.00 6.920e-01 2.917e-01 2.207e-03 1.236e-03 6.641e-03 -1.000 1.628e-02 -3.163 3.015 1.811 0.439 -1.215 -3.045 -4.992 -5.901 -6.208
0.0152 0.01508 9.90309 1.1065729856 2.4927778244    0.938  3.156  3.5217  0.293    7  0.000  0.443     0.00     0.00     0.00     0.00     0.00 -1 -9.71e-08      0.00 6.920e-01 2.917e-01 2.207e-03 1.236e-03 6.641e-03 -1.000 1.628e-02 -3.120 3.009 1.733 0.341 -1.263 -3.056 -4.941 -5.848 -6.150
0.0152 0.01508 9.90309 1.1065731049 2.4927778244    0.938  3.152  3.5225  0.300    7  0.000  0.443     0.00     0.00     0.00     0.00     0.00 -1 -9.49e-08      0.00 6.920e-01 2.917e-01 2.207e-03 1.236e-03 6.641e-03 -1.000 1.628e-02 -3.109 3.005 1.707 0.309 -1.280 -3.060 -4.927 -5.833 -6.134
0.0152 0.01508 9.90309 1.1065733433 2.4927778244    0.937  3.167  3.5204  0.277    7  0.000  0.443     0.00     0.00     0.00     0.00     0.00 -1 -1.01e-07      0.00 6.920e-01 2.917e-01 2.207e-03 1.236e-03 6.641e-03 -1.000 1.628e-02 -3.146 3.011 1.773 0.390 -1.241 -3.055 -4.972 -5.880 -6.185
0.0152 0.01508 9.90309 1.1065735817 2.4927778244    0.936  3.209  3.5147  0.212    7  0.000  0.443     0.00     0.00     0.00     0.00     0.00 -1  -1.2e-07      0.00 6.920e-01 2.917e-01 2.207e-03 1.236e-03 6.641e-03 -1.000 1.628e-02 -3.252 3.026 1.987 0.668 -1.099 -2.997 -5.096 -6.010 -6.327
0.0152 0.01508 9.90309 1.1065738201 2.4927778244    0.936  3.249  3.5090  0.148    7  0.000  0.443     0.00     0.00     0.00     0.00     0.00 -1 -1.42e-07      0.00 6.920e-01 2.917e-01 2.207e-03 1.236e-03 6.641e-03 -1.000 1.628e-02 -3.353 3.042 2.204 0.951 -0.952 -2.930 -5.215 -6.136 -6.465
0.0152 0.01508 9.90309 1.1065740585 2.4927780628    0.935  3.277  3.5050  0.104    7  0.000  0.443     0.00     0.00     0.00     0.00     0.00 -1  -1.6e-07      0.00 6.920e-01 2.917e-01 2.207e-03 1.236e-03 6.641e-03 -1.000 1.628e-02 -3.422 3.047 2.329 1.113 -0.869 -2.888 -5.297 -6.221 -6.557
0.0152 0.01508 9.90309 1.1065742970 2.4927780628    0.933  3.309  3.5002  0.052    7  0.000  0.443     0.00     0.00     0.00     0.00     0.00 -1 -1.84e-07      0.00 6.920e-01 2.917e-01 2.207e-03 1.236e-03 6.641e-03 -1.000 1.628e-02 -3.502 3.059 2.497 1.327 -0.754 -2.824 -5.392 -6.321 -6.667
0.0152 0.01508 9.90309 1.1065746546 2.4927780628    0.932  3.338  3.4957  0.004    7  0.000  0.443     0.00     0.00     0.00     0.00     0.00 -1 -2.07e-07      0.00 6.920e-01 2.917e-01 2.207e-03 1.236e-03 6.641e-03 -1.000 1.628e-02 -3.576 3.069 2.638 1.498 -0.658 -2.761 -5.479 -6.413 -6.767
0.0152 0.01508 9.90309 1.1065751314 2.4927780628    0.929  3.373  3.4903 -0.053    7  0.523  0.443     0.00     0.00     0.00     0.00     0.00 -1 -2.38e-07      0.00 6.920e-01 2.917e-01 2.207e-03 1.236e-03 6.641e-03 -1.000 1.628e-02 -3.662 3.082 2.811 1.704 -0.542 -2.683 -5.581 -6.521 -6.885
0.0152 0.01508 9.90309 1.1065757275 2.4927783012    0.925  3.404  3.4850 -0.109    7  0.523  0.443     0.00     0.00     0.00     0.00     0.00 -1 -2.74e-07      0.00 6.920e-01 2.917e-01 2.207e-03 1.236e-03 6.641e-03 -1.000 1.628e-02 -3.741 3.092 2.917 1.787 -0.491 -2.646 -5.676 -6.620 -6.993
0.0152 0.01508 9.90309 1.1065762043 2.4927783012    0.921  3.418  3.4827 -0.133    8  0.523  0.464   231.97   105.97    66.08    53.07    43.29  1 -2.93e-07      0.00 6.920e-01 2.929e-01 2.317e-03 1.238e-03 6.656e-03 -1.000 1.514e-02 -3.774 3.099 2.964 1.822 -0.469 -2.628 -5.716 -6.662 -7.039
0.0152 0.01508 9.90309 1.1065763235 2.4927783012    0.920  3.147  3.5212  0.291    8  0.523  0.464    87.32    49.21    31.77    25.22    20.54  1 -9.87e-08      0.00 6.920e-01 2.929e-01 2.317e-03 1.238e-03 6.656e-03 -1.000 1.514e-02 -3.098 3.039 1.781 0.395 -1.221 -3.022 -4.921 -5.828 -6.131
0.0152 0.01508 9.90309 1.1065763235 2.4927783012    0.919  3.024  3.5384  0.483    8  0.523  0.464    57.31    34.80    22.82    18.02    14.66  2 -5.92e-08      0.00 6.920e-01 2.929e-01 2.317e-03 1.238e-03 6.656e-03 -1.000 1.514e-02 -2.790 2.989 1.308 -0.199 -1.507 -3.013 -4.554 -5.441 -5.711
0.0152 0.01508 9.90309 1.1065765619 2.4927783012    0.918  2.858  3.5615  0.741    8  0.523  0.464    33.13    21.82    14.61    11.46     9.31  2 -2.91e-08      0.00 6.920e-01 2.929e-01 2.317e-03 1.238e-03 6.656e-03 -1.000 1.514e-02 -2.375 2.904 0.959 -0.634 -1.692 -2.796 -4.067 -4.911 -5.143
0.0152 0.01508 9.90309 1.1065768003 2.4927785397    0.916  2.884  3.5576  0.699    8  0.523  0.464    36.18    23.54    15.71    12.34    10.03  2 -3.27e-08      0.00 6.920e-01 2.929e-01 2.317e-03 1.238e-03 6.656e-03 -1.000 1.514e-02 -2.439 2.927 1.008 -0.577 -1.668 -2.836 -4.143 -4.995 -5.234
0.0152 0.01508 9.90309 1.1065770388 2.4927785397    0.914  3.011  3.5392  0.497    8  0.523  0.464    55.59    33.90    22.25    17.58    14.30  2  -5.7e-08      0.00 6.920e-01 2.929e-01 2.317e-03 1.238e-03 6.656e-03 -1.000 1.514e-02 -2.758 3.000 1.304 -0.206 -1.501 -2.992 -4.519 -5.405 -5.674
0.0152 0.01508 9.90309 1.1065775156 2.4927785397    0.911  3.172  3.5161  0.242    8  0.523  0.464    97.27    53.64    34.48    27.42    22.33  1 -1.12e-07      0.00 6.920e-01 2.929e-01 2.317e-03 1.238e-03 6.656e-03 -1.000 1.514e-02 -3.159 3.076 1.993 0.663 -1.068 -2.945 -4.999 -5.912 -6.225
0.0152 0.01508 9.90309 1.1065778732 2.4927785397    0.908  3.304  3.4969  0.032    8  0.524  0.464   157.10    78.37    49.53    39.61    32.29  1 -1.93e-07      0.00 6.920e-01 2.929e-01 2.317e-03 1.238e-03 6.656e-03 -1.000 1.514e-02 -3.489 3.118 2.656 1.512 -0.621 -2.714 -5.388 -6.321 -6.673
0.0152 0.01508 9.90309 1.1065784693 2.4927787781    0.904  3.388  3.4843 -0.104    8  0.524  0.464   216.17   100.19    62.61    50.27    41.00  1 -2.73e-07      0.00 6.920e-01 2.929e-01 2.317e-03 1.238e-03 6.656e-03 -1.000 1.514e-02 -3.700 3.134 2.972 1.841 -0.438 -2.592 -5.637 -6.581 -6.955
0.0152 0.01508 9.90309 1.1065790653 2.4927787781    0.900  3.431  3.4773 -0.178    8  0.524  0.464   257.19   114.25    70.97    57.10    46.58  1 -3.27e-07      0.00 6.920e-01 2.929e-01 2.317e-03 1.238e-03 6.656e-03 -1.000 1.514e-02 -3.808 3.141 3.089 1.921 -0.391 -2.561 -5.765 -6.715 -7.099
0.0152 0.01508 9.90309 1.1065797806 2.4927790165    0.896  3.451  3.4737 -0.214    8  0.525  0.464   280.52   121.88    75.48    60.80    49.60  1 -3.58e-07      0.00 6.920e-01 2.929e-01 2.317e-03 1.238e-03 6.656e-03 -1.000 1.514e-02 -3.857 3.148 3.145 1.959 -0.367 -2.547 -5.824 -6.776 -7.166
0.0152 0.01508 9.90309 1.1065804958 2.4927790165    0.891  3.462  3.4732 -0.229    8  0.525  0.464   290.70   125.08    77.36    62.35    50.87  1 -3.82e-07      0.00 6.920e-01 2.929e-01 2.317e-03 1.238e-03 6.656e-03 -1.000 1.514e-02 -3.884 3.140 3.143 1.950 -0.380 -2.562 -5.852 -6.804 -7.196
0.0152 0.01508 9.90309 1.1065804958 2.4927790165    0.890  3.252  3.5006  0.090    8  0.525  0.464   137.15    70.28    44.61    35.65    29.05  1 -1.65e-07      0.00 6.920e-01 2.929e-01 2.317e-03 1.238e-03 6.656e-03 -1.000 1.514e-02 -3.361 3.159 2.588 1.422 -0.641 -2.704 -5.249 -6.179 -6.522
0.0152 0.01508 9.90309 1.1065806150 2.4927790165    0.889  3.076  3.5254  0.365    8  0.525  0.464    73.68    42.68    27.71    21.98    17.89  1 -8.04e-08      0.00 6.920e-01 2.929e-01 2.317e-03 1.238e-03 6.656e-03 -1.000 1.514e-02 -2.919 3.106 1.738 0.326 -1.201 -2.931 -4.727 -5.631 -5.924
0.0152 0.01508 9.90309 1.1065807343 2.4927790165    0.888  2.909  3.5489  0.625    8  0.525  0.464    41.97    26.67    17.68    13.93    11.32  2 -3.99e-08      0.00 6.920e-01 2.929e-01 2.317e-03 1.238e-03 6.656e-03 -1.000 1.514e-02 -2.502 3.035 1.208 -0.344 -1.518 -2.835 -4.231 -5.102 -5.354
0.0152 0.01508 9.90309 1.1065808535 2.4927790165    0.887  2.933  3.5453  0.586    8  0.525  0.464    45.63    28.62    18.92    14.92    12.13  2 -4.46e-08      0.00 6.920e-01 2.929e-01 2.317e-03 1.238e-03 6.656e-03 -1.000 1.514e-02 -2.563 3.049 1.272 -0.263 -1.480 -2.860 -4.304 -5.180 -5.438
0.0152 0.01508 9.90309 1.1065810919 2.4927790165    0.884  3.058  3.5276  0.390    8  0.525  0.464    69.78    40.79    26.53    21.04    17.12  1 -7.58e-08      0.00 6.920e-01 2.929e-01 2.317e-03 1.238e-03 6.656e-03 -1.000 1.514e-02 -2.874 3.108 1.679 0.251 -1.234 -2.930 -4.674 -5.576 -5.865
0.0152 0.01508 9.90309 1.1065814495 2.4927792549    0.882  3.214  3.5052  0.142    8  0.526  0.464   121.31    63.72    40.61    32.42    26.41  1 -1.45e-07      0.00 6.920e-01 2.929e-01 2.317e-03 1.238e-03 6.656e-03 -1.000 1.514e-02 -3.265 3.166 2.450 1.241 -0.728 -2.742 -5.138 -6.063 -6.397
0.0152 0.01508 9.90309 1.1065818071 2.4927792549    0.879  3.342  3.4868 -0.061    8  0.526  0.464   194.24    91.95    57.65    46.28    37.72  1 -2.45e-07      0.00 6.920e-01 2.929e-01 2.317e-03 1.238e-03 6.656e-03 -1.000 1.514e-02 -3.585 3.189 2.986 1.872 -0.388 -2.536 -5.514 -6.457 -6.826
0.0152 0.01508 9.90309 1.1065821648 2.4927792549    0.875  3.423  3.4749 -0.191    8  0.526  0.464   264.34   116.18    72.07    58.06    47.35  1 -3.41e-07      0.00 6.920e-01 2.929e-01 2.317e-03 1.238e-03 6.656e-03 -1.000 1.514e-02 -3.786 3.189 3.170 1.994 -0.325 -2.500 -5.749 -6.701 -7.088
0.0152 0.01508 9.90309 1.1065826416 2.4927794933    0.871  3.463  3.4687 -0.258    8  0.526  0.464   310.32   130.94    80.78    65.20    53.19  1 -4.04e-07      0.01 6.920e-01 2.929e-01 2.317e-03 1.238e-03 6.656e-03 -1.000 1.514e-02 -3.887 3.188 3.250 2.039 -0.303 -2.495 -5.867 -6.821 -7.218
0.0152 0.01508 9.90309 1.1065831184 2.4927794933    0.866  3.479  3.4659 -0.287    8  0.527  0.464   333.30   137.99    84.92    68.61    55.98  0 -4.37e-07      0.01 6.920e-01 2.929e-01 2.317e-03 1.238e-03 6.656e-03 -1.000 1.514e-02 -3.927 3.188 3.282 2.059 -0.294 -2.494 -5.914 -6.870 -7.270
0.0152 0.01508 9.90309 1.1065837145 2.4927794933    0.862  3.486  3.4669 -0.293    8  0.527  0.464   337.80   139.26    85.65    69.23    56.48  0 -4.61e-07      0.01 6.920e-01 2.929e-01 2.317e-03 1.238e-03 6.656e-03 -1.000 1.514e-02 -3.946 3.176 3.257 2.032 -0.321 -2.520 -5.930 -6.885 -7.286
0.0152 0.01508 9.90309 1.1065837145 2.4927794933    0.861  3.284  3.4935  0.016    8  0.527  0.464   161.90    79.65    50.24    40.27    32.81  1 -2.06e-07      0.00 6.920e-01 2.929e-01 2.317e-03 1.238e-03 6.656e-03 -1.000 1.514e-02 -3.439 3.212 2.849 1.730 -0.452 -2.567 -5.348 -6.285 -6.642
0.0152 0.01508 9.90309 1.1065838337 2.4927794933    0.860  3.108  3.5187  0.292    8  0.527  0.464    86.25    48.33    31.18    24.81    20.19  1 -1.01e-07      0.00 6.920e-01 2.929e-01 2.317e-03 1.238e-03 6.656e-03 -1.000 1.514e-02 -2.999 3.163 1.993 0.638 -1.027 -2.863 -4.830 -5.741 -6.048
0.0152 0.01508 9.90309 1.1065839529 2.4927794933    0.859  2.941  3.5427  0.554    8  0.527  0.464    48.60    30.10    19.83    15.67    12.74  2 -5.08e-08      0.00 6.920e-01 2.929e-01 2.317e-03 1.238e-03 6.656e-03 -1.000 1.514e-02 -2.582 3.088 1.348 -0.175 -1.425 -2.853 -4.332 -5.212 -5.475
0.0152 0.01508 9.90309 1.1065841913 2.4927797318    0.856  2.965  3.5390  0.514    8  0.527  0.464    52.92    32.31    21.22    16.79    13.65  2 -5.67e-08      0.00 6.920e-01 2.929e-01 2.317e-03 1.238e-03 6.656e-03 -1.000 1.514e-02 -2.643 3.104 1.420 -0.084 -1.381 -2.874 -4.403 -5.290 -5.559
0.0152 0.01508 9.90309 1.1065844297 2.4927797318    0.854  3.087  3.5211  0.318    8  0.528  0.464    81.20    45.98    29.72    23.64    19.23  1 -9.54e-08      0.00 6.920e-01 2.929e-01 2.317e-03 1.238e-03 6.656e-03 -1.000 1.514e-02 -2.949 3.165 1.919 0.540 -1.072 -2.872 -4.771 -5.679 -5.982
0.0152 0.01508 9.90309 1.1065847874 2.4927797318    0.850  3.241  3.4986  0.072    8  0.528  0.464   141.65    71.64    45.39    36.34    29.60  1  -1.8e-07      0.00 6.920e-01 2.929e-01 2.317e-03 1.238e-03 6.656e-03 -1.000 1.514e-02 -3.333 3.221 2.712 1.562 -0.537 -2.616 -5.228 -6.159 -6.506
0.0152 0.01508 9.90309 1.1065851450 2.4927797318    0.846  3.367  3.4799 -0.130    8  0.528  0.464   227.44   103.18    64.30    51.77    42.20  1 -3.01e-07      0.00 6.920e-01 2.929e-01 2.317e-03 1.238e-03 6.656e-03 -1.000 1.514e-02 -3.648 3.241 3.155 2.007 -0.289 -2.451 -5.597 -6.546 -6.926
0.0152 0.01508 9.90309 1.1065856218 2.4927799702    0.841  3.446  3.4680 -0.260    8  0.529  0.464   310.07   130.20    80.28    64.88    52.91  0 -4.18e-07      0.01 6.920e-01 2.929e-01 2.317e-03 1.238e-03 6.656e-03 -1.000 1.514e-02 -3.846 3.236 3.306 2.094 -0.250 -2.444 -5.827 -6.782 -7.180
0.0152 0.01508 9.90309 1.1065860987 2.4927799702    0.836  3.485  3.4618 -0.326    8  0.529  0.464   364.37   146.64    89.92    72.82    59.40  0 -4.95e-07      0.01 6.920e-01 2.929e-01 2.317e-03 1.238e-03 6.656e-03 -1.000 1.514e-02 -3.944 3.233 3.373 2.130 -0.236 -2.449 -5.940 -6.898 -7.304
0.0152 0.01508 9.90309 1.1065866947 2.4927799702    0.830  3.501  3.4590 -0.356    8  0.529  0.464   391.56   154.47    94.49    76.59    62.48  0 -5.36e-07      0.01 6.920e-01 2.929e-01 2.317e-03 1.238e-03 6.656e-03 -1.000 1.514e-02 -3.982 3.241 3.409 2.154 -0.225 -2.448 -5.986 -6.945 -7.355
0.0152 0.01508 9.90309 1.1065872908 2.4927802086    0.823  3.508  3.4608 -0.359    8  0.530  0.464   393.99   154.99    94.77    76.85    62.69  0 -5.71e-07      0.01 6.920e-01 2.929e-01 2.317e-03 1.238e-03 6.656e-03 -1.000 1.514e-02 -3.999 3.230 3.375 2.116 -0.261 -2.480 -5.998 -6.957 -7.367
0.0152 0.01508 9.90309 1.1065872908 2.4927802086    0.823  3.313  3.4863 -0.063    8  0.530  0.464   193.17    90.70    56.81    45.71    37.24  1 -2.64e-07      0.00 6.920e-01 2.929e-01 2.317e-03 1.238e-03 6.656e-03 -1.000 1.514e-02 -3.512 3.269 3.074 1.959 -0.304 -2.453 -5.443 -6.387 -6.756
0.0152 0.01508 9.90309 1.1065874100 2.4927802086    0.821  3.138  3.5119  0.214    8  0.530  0.464   102.05    54.99    35.23    28.14    22.90  1 -1.32e-07      0.00 6.920e-01 2.929e-01 2.317e-03 1.238e-03 6.656e-03 -1.000 1.514e-02 -3.076 3.232 2.306 1.028 -0.802 -2.739 -4.928 -5.847 -6.169
0.0152 0.01508 9.90309 1.1065875292 2.4927802086    0.819  2.972  3.5364  0.477    8  0.530  0.464    56.87    34.14    22.34    17.72    14.40  1 -6.69e-08      0.00 6.920e-01 2.929e-01 2.317e-03 1.238e-03 6.656e-03 -1.000 1.514e-02 -2.659 3.148 1.514 0.024 -1.313 -2.854 -4.429 -5.320 -5.593
0.0152 0.01508 9.90309 1.1065877676 2.4927802086    0.816  2.996  3.5326  0.436    8  0.530  0.464    62.15    36.72    23.95    19.02    15.46  1 -7.49e-08      0.00 6.920e-01 2.929e-01 2.317e-03 1.238e-03 6.656e-03 -1.000 1.514e-02 -2.720 3.166 1.612 0.146 -1.251 -2.862 -4.503 -5.398 -5.678
0.0152 0.01508 9.90309 1.1065880060 2.4927802086    0.811  3.116  3.5144  0.240    8  0.530  0.464    95.97    52.26    33.55    26.79    21.79  1 -1.25e-07      0.00 6.920e-01 2.929e-01 2.317e-03 1.238e-03 6.656e-03 -1.000 1.514e-02 -3.021 3.235 2.220 0.914 -0.857 -2.757 -4.865 -5.781 -6.098
0.0152 0.01508 9.90309 1.1065883636 2.4927804470    0.806  3.268  3.4914 -0.006    8  0.531  0.464   168.63    81.43    51.23    41.18    33.54  1 -2.34e-07      0.00 6.920e-01 2.929e-01 2.317e-03 1.238e-03 6.656e-03 -1.000 1.514e-02 -3.400 3.292 2.992 1.886 -0.332 -2.462 -5.315 -6.255 -6.615
0.0152 0.01508 9.90309 1.1065888405 2.4927804470    0.800  3.392  3.4723 -0.209    8  0.531  0.464   272.78   117.40    72.65    58.73    47.87  1 -3.89e-07      0.01 6.920e-01 2.929e-01 2.317e-03 1.238e-03 6.656e-03 -1.000 1.514e-02 -3.709 3.304 3.319 2.129 -0.198 -2.379 -5.679 -6.632 -7.023
0.0152 0.01508 9.90309 1.1065893173 2.4927804470    0.793  3.470  3.4600 -0.340    8  0.531  0.464   374.43   148.44    90.87    73.74    60.13  0 -5.39e-07      0.01 6.920e-01 2.929e-01 2.317e-03 1.238e-03 6.656e-03 -1.000 1.514e-02 -3.904 3.302 3.460 2.208 -0.165 -2.383 -5.905 -6.864 -7.273
0.0152 0.01508 9.90309 1.1065897942 2.4927806854    0.785  3.508  3.4536 -0.409    8  0.532  0.464   442.74   167.63   102.03    82.98    67.68  0 -6.44e-07      0.01 6.920e-01 2.929e-01 2.317e-03 1.238e-03 6.656e-03 -1.000 1.514e-02 -4.001 3.325 3.539 2.273 -0.143 -2.393 -6.016 -6.976 -7.395
0.0152 0.01508 9.90309 1.1065903902 2.4927806854    0.776  3.524  3.4507 -0.441    8  0.532  0.464   478.51   177.09   107.50    87.53    71.40  0 -7.06e-07      0.02 6.920e-01 2.929e-01 2.317e-03 1.238e-03 6.656e-03 -1.000 1.514e-02 -4.040 3.339 3.579 2.307 -0.128 -2.393 -6.061 -7.022 -7.445
0.0152 0.01508 9.90309 1.1065911055 2.4927806854    0.767  3.531  3.4558 -0.433    8  0.533  0.464   468.20   173.97   105.66    86.05    70.18  0 -7.75e-07      0.02 6.920e-01 2.929e-01 2.317e-03 1.238e-03 6.656e-03 -1.000 1.514e-02 -4.057 3.311 3.492 2.207 -0.211 -2.458 -6.065 -7.026 -7.448
0.0152 0.01508 9.90309 1.1065911055 2.4927806854    0.766  3.345  3.4776 -0.161    8  0.533  0.464   241.44   106.34    66.03    53.39    43.49  1  -3.7e-07      0.01 6.920e-01 2.929e-01 2.317e-03 1.238e-03 6.656e-03 -1.000 1.514e-02 -3.594 3.344 3.288 2.125 -0.184 -2.353 -5.548 -6.499 -6.883
0.0152 0.01508 9.90309 1.1065912247 2.4927809238    0.764  3.172  3.5036  0.115    8  0.533  0.464   126.55    64.54    40.98    32.89    26.76  1 -1.88e-07      0.00 6.920e-01 2.929e-01 2.317e-03 1.238e-03 6.656e-03 -1.000 1.514e-02 -3.161 3.312 2.644 1.446 -0.557 -2.590 -5.040 -5.966 -6.304
0.0152 0.01508 9.90309 1.1065913439 2.4927809238    0.760  3.006  3.5285  0.379    8  0.533  0.464    69.80    40.01    25.96    20.69    16.82  1 -9.69e-08      0.00 6.920e-01 2.929e-01 2.317e-03 1.238e-03 6.656e-03 -1.000 1.514e-02 -2.745 3.237 1.775 0.334 -1.136 -2.819 -4.543 -5.443 -5.731
0.0152 0.01508 9.90309 1.1065915823 2.4927809238    0.755  3.030  3.5235  0.332    8  0.533  0.464    77.37    43.47    28.09    22.43    18.23  1 -1.09e-07      0.00 6.920e-01 2.929e-01 2.317e-03 1.238e-03 6.656e-03 -1.000 1.514e-02 -2.805 3.271 1.952 0.551 -1.016 -2.778 -4.620 -5.525 -5.823
0.0152 0.01508 9.90309 1.1065919399 2.4927809238    0.748  3.149  3.5033  0.128    8  0.534  0.464   122.42    62.67    39.83    31.98    26.01  1  -1.8e-07      0.00 6.920e-01 2.929e-01 2.317e-03 1.238e-03 6.656e-03 -1.000 1.514e-02 -3.102 3.361 2.707 1.516 -0.490 -2.524 -4.982 -5.908 -6.246
0.0152 0.01508 9.90309 1.1065922976 2.4927809238    0.740  3.297  3.4777 -0.127    8  0.534  0.464   222.04    99.21    61.75    49.94    40.66  1 -3.32e-07      0.00 6.920e-01 2.929e-01 2.317e-03 1.238e-03 6.656e-03 -1.000 1.514e-02 -3.473 3.427 3.373 2.221 -0.079 -2.245 -5.428 -6.378 -6.760
0.0152 0.01508 9.90309 1.1065927744 2.4927811623    0.730  3.419  3.4560 -0.342    8  0.534  0.464   371.58   145.65    89.07    72.48    59.07  0 -5.47e-07      0.01 6.920e-01 2.929e-01 2.317e-03 1.238e-03 6.656e-03 -1.000 1.514e-02 -3.777 3.429 3.629 2.391 0.006 -2.225 -5.787 -6.746 -7.155
0.0152 0.01508 9.90309 1.1065932512 2.4927811623    0.719  3.496  3.4415 -0.483    8  0.535  0.464   525.65   187.26   113.19    92.50    75.42  0 -7.58e-07      0.02 6.920e-01 2.929e-01 2.317e-03 1.238e-03 6.656e-03 -1.000 1.514e-02 -3.969 3.488 3.805 2.567 0.071 -2.239 -6.009 -6.968 -7.398
0.0152 0.01508 9.90309 1.1065938473 2.4927811623    0.707  3.534  3.4338 -0.559    8  0.535  0.464   635.17   214.03   128.55   105.32    85.89  0 -9.16e-07      0.02 6.920e-01 2.929e-01 2.317e-03 1.238e-03 6.656e-03 -1.000 1.514e-02 -4.064 3.526 3.888 2.672 0.103 -2.252 -6.117 -7.076 -7.516
0.0152 0.01508 9.90309 1.1065944433 2.4927814007    0.693  3.550  3.4309 -0.595    8  0.536  0.464   693.82   227.26   136.06   111.66    91.05  0 -1.03e-06      0.03 6.920e-01 2.929e-01 2.317e-03 1.238e-03 6.656e-03 -1.000 1.514e-02 -4.104 3.567 3.939 2.727 0.124 -2.252 -6.158 -7.119 -7.565
0.0152 0.01508 9.90309 1.1065951586 2.4927814007    0.678  3.557  3.4708 -0.452    8  0.537  0.464   483.81   174.54   105.70    86.47    70.46  0 -1.36e-06      0.05 6.920e-01 2.929e-01 2.317e-03 1.238e-03 6.656e-03 -1.000 1.514e-02 -4.122 3.349 3.296 1.985 -0.436 -2.656 -6.074 -7.037 -7.460
0.0152 0.01508 9.90309 1.1065951586 2.4927814007    0.677  3.381  3.4622 -0.312    8  0.537  0.464   342.47   135.32    82.89    67.56    55.02  0 -6.01e-07      0.01 6.920e-01 2.929e-01 2.317e-03 1.238e-03 6.656e-03 -1.000 1.514e-02 -3.683 3.502 3.629 2.387 0.019 -2.192 -5.675 -6.635 -7.041
0.0152 0.01508 9.90309 1.1065952778 2.4927814007    0.675  3.209  3.4925 -0.020    8  0.537  0.464   170.83    79.85    50.08    40.51    32.94  1 -3.16e-07      0.00 6.920e-01 2.929e-01 2.317e-03 1.238e-03 6.656e-03 -1.000 1.514e-02 -3.254 3.454 3.114 1.994 -0.215 -2.341 -5.164 -6.103 -6.464
0.0152 0.01508 9.90309 1.1065953970 2.4927814007    0.670  3.043  3.5223  0.263    8  0.537  0.464    89.06    47.78    30.66    24.62    20.00  1 -1.67e-07      0.00 6.920e-01 2.929e-01 2.317e-03 1.238e-03 6.656e-03 -1.000 1.514e-02 -2.836 3.318 2.009 0.602 -0.997 -2.783 -4.655 -5.560 -5.863
0.0152 0.01508 9.90309 1.1065956354 2.4927816391    0.664  3.065  3.5173  0.216    8  0.537  0.464    98.94    51.87    33.16    26.67    21.66  1 -1.88e-07      0.00 6.920e-01 2.929e-01 2.317e-03 1.238e-03 6.656e-03 -1.000 1.514e-02 -2.893 3.360 2.219 0.862 -0.847 -2.711 -4.728 -5.638 -5.952
0.0152 0.01508 9.90309 1.1065959930 2.4927816391    0.655  3.180  3.4948  0.006    8  0.537  0.464   160.24    75.58    47.49    38.43    31.24  1 -3.05e-07      0.00 6.920e-01 2.929e-01 2.317e-03 1.238e-03 6.656e-03 -1.000 1.514e-02 -3.180 3.485 3.078 1.943 -0.227 -2.336 -5.083 -6.019 -6.376
0.0152 0.01508 9.90309 1.1065963507 2.4927816391    0.645  3.323  3.4668 -0.256    8  0.538  0.464   298.00   120.89    74.35    60.60    49.32  0 -5.49e-07      0.01 6.920e-01 2.929e-01 2.317e-03 1.238e-03 6.656e-03 -1.000 1.514e-02 -3.538 3.574 3.649 2.430 0.080 -2.117 -5.518 -6.476 -6.876
0.0152 0.01508 9.90309 1.1065967083 2.4927816391    0.634  3.440  3.4452 -0.467    8  0.538  0.464   499.09   176.31   106.56    87.41    71.19  0 -8.94e-07      0.03 6.920e-01 2.929e-01 2.317e-03 1.238e-03 6.656e-03 -1.000 1.514e-02 -3.830 3.650 3.918 2.654 0.175 -2.120 -5.855 -6.819 -7.250
0.0152 0.01508 9.90309 1.1065971851 2.4927818775    0.620  3.513  3.4353 -0.589    8  0.538  0.464   674.41   218.31   130.62   107.56    87.63  0 -1.26e-06      0.04 6.920e-01 2.929e-01 2.317e-03 1.238e-03 6.656e-03 -1.000 1.514e-02 -4.012 3.715 4.027 2.766 0.183 -2.175 -6.047 -7.014 -7.464
0.0152 0.01508 9.90309 1.1065977812 2.4927818775    0.606  3.547  3.4382 -0.622    8  0.539  0.464   732.08   230.47   137.49   113.41    92.39  0 -1.62e-06      0.07 6.920e-01 2.929e-01 2.317e-03 1.238e-03 6.656e-03 -1.000 1.514e-02 -4.098 3.772 4.014 2.692 0.104 -2.250 -6.114 -7.091 -7.551
0.0152 0.01508 9.90309 1.1065983772 2.4927821159    0.590  3.560  3.4528 -0.588    8  0.539  0.464   670.36   215.23   128.71   106.17    86.46  0 -1.99e-06      0.09 6.920e-01 2.929e-01 2.317e-03 1.238e-03 6.656e-03 -1.000 1.514e-02 -4.129 3.794 3.857 2.443 -0.082 -2.376 -6.097 -7.083 -7.545
0.0152 0.01508 9.90309 1.1065990925 2.4927821159    0.572  3.564  3.5302 -0.295    8  0.540  0.464   324.63   125.77    77.00    63.08    51.30  0 -2.86e-06      0.25 6.920e-01 2.929e-01 2.317e-03 1.238e-03 6.656e-03 -1.000 1.514e-02 -4.139 3.693 1.452 -0.418 -2.137 -3.916 -5.783 -6.735 -7.167
0.0152 0.01508 9.90309 1.1066001654 2.4927823544    0.540 -9.999  4.0000  1.790    9  0.541  0.000     0.00     0.00     0.00     0.00     0.00 -1    -1e-30      0.00 6.920e-01 2.929e-01 2.317e-03 1.238e-03 6.656e-03 -1.000 1.514e-02 29.767 29.699 29.966 30.023 30.018 30.020 30.079 30.082 30.102
#isochrone terminated